5
6
0
6
1
0
6
7
1
7
2
1
7
8
2
8
3
2
8
9
3
9
4
3
9
251
4
251
248
4
10
11
5
11
6
5
11
12
6
12
7
6
12
13
7
13
8
7
13
14
8
14
9
8
14
254
9
254
251
9
15
16
10
16
11
10
16
17
11
17
12
11
17
18
12
18
13
12
18
19
13
19
14
13
19
257
14
257
254
14
20
21
15
21
16
15
21
22
16
22
17
16
22
23
17
23
18
17
23
24
18
24
19
18
24
260
19
260
257
19
25
26
20
26
21
20
26
27
21
27
22
21
27
28
22
28
23
22
28
29
23
29
24
23
29
263
24
263
260
24
30
31
25
31
26
25
31
32
26
32
27
26
32
33
27
33
28
27
33
34
28
34
29
28
34
268
29
268
263
29
35
36
30
36
31
30
36
37
31
37
32
31
37
38
32
38
33
32
38
39
33
39
34
33
39
270
34
270
268
34
40
41
35
41
36
35
41
42
36
42
37
36
42
43
37
43
38
37
43
44
38
44
39
38
44
272
39
272
270
39
45
46
40
46
41
40
46
47
41
47
42
41
47
48
42
48
43
42
48
49
43
49
44
43
49
274
44
274
272
44
50
51
45
51
46
45
51
52
46
52
47
46
52
53
47
53
48
47
53
54
48
54
49
48
54
276
49
276
274
49
55
56
50
56
51
50
56
57
51
57
52
51
57
58
52
58
53
52
58
59
53
59
54
53
59
278
54
278
276
54
60
61
55
61
56
55
61
62
56
62
57
56
62
63
57
63
58
57
63
64
58
64
59
58
64
280
59
280
278
59
65
66
60
66
61
60
66
67
61
67
62
61
67
68
62
68
63
62
68
69
63
69
64
63
69
282
64
282
280
64
70
71
65
71
66
65
71
72
66
72
67
66
72
73
67
73
68
67
73
74
68
74
69
68
74
284
69
284
282
69
75
76
70
76
71
70
76
77
71
77
72
71
77
78
72
78
73
72
78
79
73
79
74
73
79
286
74
286
284
74
80
81
75
81
76
75
81
82
76
82
77
76
82
83
77
83
78
77
83
84
78
84
79
78
84
288
79
288
286
79
85
86
80
86
81
80
86
87
81
87
82
81
87
88
82
88
83
82
88
89
83
89
84
83
89
290
84
290
288
84
90
91
85
91
86
85
91
92
86
92
87
86
92
93
87
93
88
87
93
94
88
94
89
88
94
292
89
292
290
89
95
96
90
96
91
90
96
97
91
97
92
91
97
98
92
98
93
92
98
99
93
99
94
93
99
294
94
294
292
94
100
101
95
101
96
95
101
102
96
102
97
96
102
103
97
103
98
97
103
104
98
104
99
98
104
296
99
296
294
99
105
106
100
106
101
100
106
107
101
107
102
101
107
108
102
108
103
102
108
109
103
109
104
103
109
298
104
298
296
104
110
111
105
111
106
105
111
112
106
112
107
106
112
113
107
113
108
107
113
114
108
114
109
108
114
300
109
300
298
109
115
116
110
116
111
110
116
117
111
117
112
111
117
118
112
118
113
112
118
119
113
119
114
113
119
302
114
302
300
114
120
121
115
121
116
115
121
122
116
122
117
116
122
123
117
123
118
117
123
124
118
124
119
118
124
304
119
304
302
119
724
126
729
125
126
724
730
125
726
126
125
730
728
306
732
305
306
728
729
127
733
126
127
729
734
126
730
127
126
734
732
307
736
306
307
732
733
128
737
127
128
733
739
127
734
128
127
739
736
307
1050
737
128
738
738
128
739
743
1054
308
744
741
129
129
742
130
741
742
129
130
742
747
743
309
749
308
309
743
744
129
745
745
131
751
745
129
131
129
130
131
752
130
747
131
130
752
749
311
754
309
311
749
755
750
132
751
132
750
751
131
132
131
133
132
757
131
752
133
131
757
754
313
759
311
313
754
755
134
760
132
134
755
134
132
135
135
132
133
763
133
757
135
133
763
759
313
1067
760
136
765
134
136
760
766
135
762
766
136
135
136
134
135
762
135
763
770
1073
315
765
137
771
136
137
765
768
136
766
768
138
136
138
137
136
138
768
776
778
769
139
770
139
769
770
315
139
315
316
139
771
137
773
773
138
775
137
138
773
775
138
776
778
140
780
139
140
778
140
139
318
318
139
316
780
140
781
781
320
785
781
140
320
140
318
320
786
784
141
141
784
789
785
320
1087
786
141
788
788
141
789
794
791
142
142
1094
322
791
1094
142
796
793
143
143
793
799
794
144
801
142
144
794
144
142
323
323
142
322
796
143
798
798
143
799
801
145
803
144
145
801
804
323
1098
804
145
323
145
144
323
803
146
807
145
146
803
809
145
804
146
145
809
807
146
808
808
146
809
815
812
147
147
812
816
818
814
148
148
814
820
815
149
822
147
149
815
823
147
816
149
147
823
818
150
825
148
150
818
827
148
820
150
148
827
822
151
829
149
151
822
830
149
823
151
149
830
825
150
826
826
150
827
829
152
833
151
152
829
835
151
830
152
151
835
833
152
834
834
152
835
840
838
153
153
838
841
249
252
157
154
249
157
157
158
154
158
155
154
158
159
155
159
156
155
159
334
156
334
329
156
252
255
160
157
252
160
160
161
157
161
158
157
161
162
158
162
159
158
162
339
159
339
334
159
255
258
163
160
255
163
163
164
160
164
161
160
164
165
161
165
162
161
165
344
162
344
339
162
258
261
166
163
258
166
166
167
163
167
164
163
167
168
164
168
165
164
168
349
165
349
344
165
261
265
169
166
261
169
169
170
166
170
167
166
170
171
167
171
168
167
171
354
168
354
349
168
267
172
264
265
264
172
265
172
169
169
172
173
173
174
169
174
170
169
174
175
170
175
171
170
175
359
171
359
354
171
267
269
176
172
267
176
176
177
172
177
173
172
177
178
173
178
174
173
178
179
174
179
175
174
179
364
175
364
359
175
269
271
180
176
269
180
180
181
176
181
177
176
181
182
177
182
178
177
182
183
178
183
179
178
183
369
179
369
364
179
271
273
184
180
271
184
184
185
180
185
181
180
185
186
181
186
182
181
186
187
182
187
183
182
187
374
183
374
369
183
273
275
188
184
273
188
188
189
184
189
185
184
189
190
185
190
186
185
190
191
186
191
187
186
191
379
187
379
374
187
275
277
192
188
275
192
192
193
188
193
189
188
193
194
189
194
190
189
194
195
190
195
191
190
195
384
191
384
379
191
277
279
196
192
277
196
196
197
192
197
193
192
197
198
193
198
194
193
198
199
194
199
195
194
199
389
195
389
384
195
279
281
200
196
279
200
200
201
196
201
197
196
201
202
197
202
198
197
202
203
198
203
199
198
203
394
199
394
389
199
281
283
204
200
281
204
204
205
200
205
201
200
205
206
201
206
202
201
206
207
202
207
203
202
207
399
203
399
394
203
283
285
208
204
283
208
208
209
204
209
205
204
209
210
205
210
206
205
210
211
206
211
207
206
211
404
207
404
399
207
285
287
212
208
285
212
212
213
208
213
209
208
213
214
209
214
210
209
214
215
210
215
211
210
215
409
211
409
404
211
287
289
216
212
287
216
216
217
212
217
213
212
217
218
213
218
214
213
218
219
214
219
215
214
219
414
215
414
409
215
289
291
220
216
289
220
220
221
216
221
217
216
221
222
217
222
218
217
222
223
218
223
219
218
223
419
219
419
414
219
291
293
224
220
291
224
224
225
220
225
221
220
225
226
221
226
222
221
226
227
222
227
223
222
227
424
223
424
419
223
293
295
228
224
293
228
228
229
224
229
225
224
229
230
225
230
226
225
230
231
226
231
227
226
231
429
227
429
424
227
295
297
232
228
295
232
232
233
228
233
229
228
233
234
229
234
230
229
234
235
230
235
231
230
235
434
231
434
429
231
297
299
236
232
297
236
236
237
232
237
233
232
237
238
233
238
234
233
238
239
234
239
235
234
239
439
235
439
434
235
299
301
240
236
299
240
240
241
236
241
237
236
241
242
237
242
238
237
242
243
238
243
239
238
243
444
239
444
439
239
301
303
244
240
301
244
244
245
240
245
241
240
245
246
241
246
242
241
246
247
242
247
243
242
247
449
243
449
444
243
251
253
248
253
250
248
253
249
250
252
249
253
254
256
251
256
253
251
256
252
253
255
252
256
257
259
254
259
256
254
259
255
256
258
255
259
260
262
257
262
259
257
262
258
259
261
258
262
263
266
260
266
262
260
266
261
262
265
261
266
264
268
267
264
266
268
266
263
268
264
265
266
270
267
268
269
267
270
272
269
270
271
269
272
274
271
272
273
271
274
276
273
274
275
273
276
278
275
276
277
275
278
280
277
278
279
277
280
282
279
280
281
279
282
284
281
282
283
281
284
286
283
284
285
283
286
288
285
286
287
285
288
290
287
288
289
287
290
292
289
290
291
289
292
294
291
292
293
291
294
296
293
294
295
293
296
298
295
296
297
295
298
300
297
298
299
297
300
302
299
300
301
299
302
304
301
302
303
301
304
1047
305
1044
306
305
1047
1046
455
1049
454
455
1046
1051
306
1047
307
306
1051
1049
456
1053
455
456
1049
1050
307
1051
1053
457
1055
456
457
1053
308
1054
1056
1055
457
1213
1059
308
1056
309
308
1059
1061
1058
310
310
1216
458
1058
1216
310
1063
309
1059
311
309
1063
1061
312
1065
310
312
1061
312
310
459
459
310
458
1068
311
1063
313
311
1068
1065
314
1070
312
314
1065
314
312
460
460
312
459
1067
313
1068
1070
314
1071
1071
461
1074
1071
314
461
314
460
461
315
1073
1075
1074
461
1223
1078
315
1075
316
315
1078
1080
1077
317
317
1226
462
1077
1226
317
1082
316
1078
318
316
1082
1080
319
1084
317
319
1080
1085
462
1228
1085
319
462
319
317
462
1088
318
1082
320
318
1088
1084
321
1090
319
321
1084
1092
319
1085
321
319
1092
1087
320
1088
1090
321
1091
1091
321
1092
322
1094
1095
1099
322
1095
323
322
1099
1101
1097
324
324
1097
1102
1098
323
1099
1101
325
1104
324
325
1101
1105
324
1102
325
324
1105
1104
326
1107
325
326
1104
1109
325
1105
326
325
1109
1107
326
1108
1108
326
1109
1113
1111
327
327
1111
1114
1113
328
1116
327
328
1113
1118
327
1114
328
327
1118
1116
328
1117
1117
328
1118
334
335
329
335
330
329
335
336
330
336
331
330
336
337
331
337
332
331
337
338
332
338
333
332
338
468
333
468
463
333
339
340
334
340
335
334
340
341
335
341
336
335
341
342
336
342
337
336
342
343
337
343
338
337
343
473
338
473
468
338
344
345
339
345
340
339
345
346
340
346
341
340
346
347
341
347
342
341
347
348
342
348
343
342
348
478
343
478
473
343
349
350
344
350
345
344
350
351
345
351
346
345
351
352
346
352
347
346
352
353
347
353
348
347
353
483
348
483
478
348
354
355
349
355
350
349
355
356
350
356
351
350
356
357
351
357
352
351
357
358
352
358
353
352
358
488
353
488
483
353
359
360
354
360
355
354
360
361
355
361
356
355
361
362
356
362
357
356
362
363
357
363
358
357
363
493
358
493
488
358
364
365
359
365
360
359
365
366
360
366
361
360
366
367
361
367
362
361
367
368
362
368
363
362
368
498
363
498
493
363
369
370
364
370
365
364
370
371
365
371
366
365
371
372
366
372
367
366
372
373
367
373
368
367
373
503
368
503
498
368
374
375
369
375
370
369
375
376
370
376
371
370
376
377
371
377
372
371
377
378
372
378
373
372
378
508
373
508
503
373
379
380
374
380
375
374
380
381
375
381
376
375
381
382
376
382
377
376
382
383
377
383
378
377
383
513
378
513
508
378
384
385
379
385
380
379
385
386
380
386
381
380
386
387
381
387
382
381
387
388
382
388
383
382
388
518
383
518
513
383
389
390
384
390
385
384
390
391
385
391
386
385
391
392
386
392
387
386
392
393
387
393
388
387
393
523
388
523
518
388
394
395
389
395
390
389
395
396
390
396
391
390
396
397
391
397
392
391
397
398
392
398
393
392
398
528
393
528
523
393
399
400
394
400
395
394
400
401
395
401
396
395
401
402
396
402
397
396
402
403
397
403
398
397
403
533
398
533
528
398
404
405
399
405
400
399
405
406
400
406
401
400
406
407
401
407
402
401
407
408
402
408
403
402
408
538
403
538
533
403
409
410
404
410
405
404
410
411
405
411
406
405
411
412
406
412
407
406
412
413
407
413
408
407
413
543
408
543
538
408
414
415
409
415
410
409
415
416
410
416
411
410
416
417
411
417
412
411
417
418
412
418
413
412
418
548
413
548
543
413
419
420
414
420
415
414
420
421
415
421
416
415
421
422
416
422
417
416
422
423
417
423
418
417
423
553
418
553
548
418
424
425
419
425
420
419
425
426
420
426
421
420
426
427
421
427
422
421
427
428
422
428
423
422
428
558
423
558
553
423
429
430
424
430
425
424
430
431
425
431
426
425
431
432
426
432
427
426
432
433
427
433
428
427
433
563
428
563
558
428
434
435
429
435
430
429
435
436
430
436
431
430
436
437
431
437
432
431
437
438
432
438
433
432
438
568
433
568
563
433
439
440
434
440
435
434
440
441
435
441
436
435
441
442
436
442
437
436
442
443
437
443
438
437
443
573
438
573
568
438
444
445
439
445
440
439
445
446
440
446
441
440
446
447
441
447
442
441
447
448
442
448
443
442
448
578
443
578
573
443
449
450
444
450
445
444
450
451
445
451
446
445
451
452
446
452
447
446
452
453
447
453
448
447
453
583
448
583
578
448
1206
454
1204
455
454
1206
1211
455
1206
456
455
1211
1214
456
1211
457
456
1214
1213
457
1214
458
1216
1217
1219
458
1217
459
458
1219
1221
459
1219
460
459
1221
1224
460
1221
461
460
1224
1223
461
1224
462
1226
1229
1228
462
1229
468
469
463
469
464
463
469
470
464
470
465
464
470
471
465
471
466
465
471
472
466
472
467
466
472
604
467
604
599
467
473
474
468
474
469
468
474
475
469
475
470
469
475
476
470
476
471
470
476
477
471
477
472
471
477
609
472
609
604
472
478
479
473
479
474
473
479
480
474
480
475
474
480
481
475
481
476
475
481
482
476
482
477
476
482
614
477
614
609
477
483
484
478
484
479
478
484
485
479
485
480
479
485
486
480
486
481
480
486
487
481
487
482
481
487
619
482
619
614
482
488
489
483
489
484
483
489
490
484
490
485
484
490
491
485
491
486
485
491
492
486
492
487
486
492
624
487
624
619
487
493
494
488
494
489
488
494
495
489
495
490
489
495
496
490
496
491
490
496
497
491
497
492
491
497
629
492
629
624
492
498
499
493
499
494
493
499
500
494
500
495
494
500
501
495
501
496
495
501
502
496
502
497
496
502
634
497
634
629
497
503
504
498
504
499
498
504
505
499
505
500
499
505
506
500
506
501
500
506
507
501
507
502
501
507
639
502
639
634
502
508
509
503
509
504
503
509
510
504
510
505
504
510
511
505
511
506
505
511
512
506
512
507
506
512
644
507
644
639
507
513
514
508
514
509
508
514
515
509
515
510
509
515
516
510
516
511
510
516
517
511
517
512
511
517
649
512
649
644
512
518
519
513
519
514
513
519
520
514
520
515
514
520
521
515
521
516
515
521
522
516
522
517
516
522
654
517
654
649
517
523
524
518
524
519
518
524
525
519
525
520
519
525
526
520
526
521
520
526
527
521
527
522
521
527
659
522
659
654
522
528
529
523
529
524
523
529
530
524
530
525
524
530
531
525
531
526
525
531
532
526
532
527
526
532
664
527
664
659
527
533
534
528
534
529
528
534
535
529
535
530
529
535
536
530
536
531
530
536
537
531
537
532
531
537
669
532
669
664
532
538
539
533
539
534
533
539
540
534
540
535
534
540
541
535
541
536
535
541
542
536
542
537
536
542
674
537
674
669
537
543
544
538
544
539
538
544
545
539
545
540
539
545
546
540
546
541
540
546
547
541
547
542
541
547
679
542
679
674
542
548
549
543
549
544
543
549
550
544
550
545
544
550
551
545
551
546
545
551
552
546
552
547
546
552
684
547
684
679
547
553
554
548
554
549
548
554
555
549
555
550
549
555
556
550
556
551
550
556
557
551
557
552
551
557
689
552
689
684
552
558
559
553
559
554
553
559
560
554
560
555
554
560
561
555
561
556
555
561
562
556
562
557
556
562
694
557
694
689
557
563
564
558
564
559
558
564
565
559
565
560
559
565
566
560
566
561
560
566
567
561
567
562
561
567
699
562
699
694
562
568
569
563
569
564
563
569
570
564
570
565
564
570
571
565
571
566
565
571
572
566
572
567
566
572
704
567
704
699
567
573
574
568
574
569
568
574
575
569
575
570
569
575
576
570
576
571
570
576
577
571
577
572
571
577
709
572
709
704
572
578
579
573
579
574
573
579
580
574
580
575
574
580
581
575
581
576
575
581
582
576
582
577
576
582
714
577
714
709
577
583
584
578
584
579
578
584
585
579
585
580
579
585
586
580
586
581
580
586
587
581
587
582
581
587
719
582
719
714
582
1429
1428
588
588
1428
1430
1429
589
1433
588
589
1429
1434
588
1430
589
588
1434
1433
590
1437
589
590
1433
1439
589
1434
590
589
1439
1437
590
1438
1438
590
1439
1443
1442
591
591
1442
1444
1443
592
1446
591
592
1443
1447
591
1444
592
591
1447
1446
593
1450
592
593
1446
1451
592
1447
593
592
1451
1450
594
1455
593
594
1450
1457
593
1451
594
593
1457
1455
594
1456
1456
594
1457
1462
1461
595
595
1461
1463
1462
596
1466
595
596
1462
1467
595
1463
596
595
1467
1466
597
1470
596
597
1466
1471
596
1467
597
596
1471
1470
598
1475
597
598
1470
1477
597
1471
598
597
1477
1475
598
1476
1476
598
1477
604
605
599
605
600
599
605
606
600
606
601
600
606
607
601
607
602
601
607
608
602
608
603
602
609
610
604
610
605
604
610
611
605
611
606
605
611
612
606
612
607
606
612
613
607
613
608
607
614
615
609
615
610
609
615
616
610
616
611
610
616
617
611
617
612
611
617
618
612
618
613
612
619
620
614
620
615
614
620
621
615
621
616
615
621
622
616
622
617
616
622
623
617
623
618
617
624
625
619
625
620
619
625
626
620
626
621
620
626
627
621
627
622
621
627
628
622
628
623
622
629
630
624
630
625
624
630
631
625
631
626
625
631
632
626
632
627
626
632
633
627
633
628
627
634
635
629
635
630
629
635
636
630
636
631
630
636
637
631
637
632
631
637
638
632
638
633
632
639
640
634
640
635
634
640
641
635
641
636
635
641
642
636
642
637
636
642
643
637
643
638
637
644
645
639
645
640
639
645
646
640
646
641
640
646
647
641
647
642
641
647
648
642
648
643
642
649
650
644
650
645
644
650
651
645
651
646
645
651
652
646
652
647
646
652
653
647
653
648
647
654
655
649
655
650
649
655
656
650
656
651
650
656
657
651
657
652
651
657
658
652
658
653
652
659
660
654
660
655
654
660
661
655
661
656
655
661
662
656
662
657
656
662
663
657
663
658
657
664
665
659
665
660
659
665
666
660
666
661
660
666
667
661
667
662
661
667
668
662
668
663
662
669
670
664
670
665
664
670
671
665
671
666
665
671
672
666
672
667
666
672
673
667
673
668
667
674
675
669
675
670
669
675
676
670
676
671
670
676
677
671
677
672
671
677
678
672
678
673
672
679
680
674
680
675
674
680
681
675
681
676
675
681
682
676
682
677
676
682
683
677
683
678
677
684
685
679
685
680
679
685
686
680
686
681
680
686
687
681
687
682
681
687
688
682
688
683
682
689
690
684
690
685
684
690
691
685
691
686
685
691
692
686
692
687
686
692
693
687
693
688
687
694
695
689
695
690
689
695
696
690
696
691
690
696
697
691
697
692
691
697
698
692
698
693
692
699
700
694
700
695
694
700
701
695
701
696
695
701
702
696
702
697
696
702
703
697
703
698
697
704
705
699
705
700
699
705
706
700
706
701
700
706
707
701
707
702
701
707
708
702
708
703
702
709
710
704
710
705
704
710
711
705
711
706
705
711
712
706
712
707
706
712
713
707
713
708
707
714
715
709
715
710
709
715
716
710
716
711
710
716
717
711
717
712
711
717
718
712
718
713
712
719
720
714
720
715
714
720
721
715
721
716
715
721
722
716
722
717
716
722
723
717
723
718
717
843
725
844
727
844
731
727
845
844
731
844
729
725
724
844
729
844
724
731
726
727
730
726
731
1045
732
1048
728
732
1045
731
733
735
729
733
731
735
730
731
734
730
735
1048
736
1052
732
736
1048
735
737
740
733
737
735
740
734
735
739
734
740
1050
1052
736
738
740
737
738
739
740
1057
1054
743
746
741
744
748
741
746
742
741
748
748
747
742
1057
749
1060
743
749
1057
745
746
744
751
746
745
751
753
746
753
748
746
753
747
748
752
747
753
1060
754
1064
749
754
1060
756
750
755
750
753
751
750
756
753
756
758
753
758
752
753
757
752
758
1064
759
1069
754
759
1064
756
760
761
755
760
756
761
764
756
764
758
756
764
757
758
763
757
764
1067
1069
759
761
765
767
760
765
761
762
767
766
762
764
767
764
761
767
762
763
764
1076
1073
770
771
855
765
771
772
855
765
855
767
860
774
855
767
855
774
766
777
768
766
767
777
767
774
777
777
776
768
779
769
778
769
1076
770
769
779
1076
779
1079
1076
771
859
772
771
773
859
860
859
774
774
859
773
775
774
773
777
774
775
775
776
777
779
780
782
778
780
779
782
1083
779
1083
1079
779
783
864
866
781
782
780
785
782
781
785
1089
782
1089
1083
782
869
784
866
869
790
784
866
784
783
786
787
784
783
784
787
790
789
784
1087
1089
785
787
788
792
787
786
788
792
788
871
790
869
788
871
788
869
788
789
790
795
791
794
1096
791
795
1094
791
1096
878
793
871
878
800
793
871
793
792
796
797
793
792
793
797
800
799
793
795
801
802
794
801
795
802
1100
795
1100
1096
795
796
877
797
796
798
877
878
877
800
800
877
798
798
799
800
802
803
805
801
803
802
1098
805
804
1098
1100
805
1100
802
805
806
883
885
805
807
810
803
807
805
810
804
805
809
804
810
887
806
885
811
806
887
808
810
807
808
809
810
892
811
887
813
811
892
817
812
815
817
816
812
898
814
892
898
821
814
892
814
813
818
819
814
813
814
819
821
820
814
817
822
824
815
822
817
824
816
817
823
816
824
821
897
828
821
898
897
828
897
825
819
818
897
825
897
818
828
820
821
827
820
828
824
829
831
822
829
824
831
823
824
830
823
831
832
900
902
825
826
828
826
827
828
831
833
836
829
833
831
836
830
831
835
830
836
904
832
902
837
832
904
834
836
833
834
835
836
907
837
904
839
837
907
842
838
840
842
841
838
843
912
911
844
912
843
846
844
845
846
914
844
914
912
844
914
847
916
846
847
914
916
848
918
847
848
916
918
1121
1151
848
1121
918
921
920
849
849
920
923
921
849
922
922
849
923
928
925
850
850
925
930
932
926
851
851
927
852
926
927
851
852
1155
1123
927
1155
852
928
850
929
929
850
930
932
853
936
851
853
932
938
852
934
938
853
852
853
851
852
934
1125
940
934
852
1125
852
1123
1125
936
853
937
937
853
938
940
1125
1162
942
941
854
854
941
944
942
854
943
943
854
944
949
946
856
856
946
950
952
947
857
857
948
858
947
948
857
858
948
955
862
855
856
862
860
855
856
855
949
861
957
855
949
855
957
958
856
950
862
856
958
952
857
953
953
863
960
953
857
863
857
858
863
962
858
955
863
858
962
957
859
964
957
861
859
964
859
865
860
862
859
865
859
862
965
862
958
865
862
965
960
863
961
961
863
962
868
864
865
868
866
864
865
864
964
867
967
864
964
864
967
969
865
965
868
865
969
866
968
869
866
868
968
869
968
870
967
867
968
870
968
867
968
868
969
872
971
870
872
975
971
870
971
869
873
871
971
869
971
871
873
972
874
971
972
873
874
973
875
972
973
874
875
974
876
973
974
875
876
974
980
880
878
871
880
871
873
879
982
872
872
982
975
983
874
977
983
880
874
880
873
874
977
881
985
977
874
881
874
875
881
881
875
882
882
875
876
989
876
980
882
876
989
982
877
991
982
879
877
991
877
884
878
880
877
884
877
880
993
880
983
884
880
993
985
881
986
986
882
988
881
882
986
988
882
989
886
885
883
992
991
884
992
884
993
888
995
886
888
998
995
886
995
885
889
887
995
885
995
887
889
996
890
995
996
889
890
996
1000
1002
997
891
891
997
1003
894
892
887
894
887
889
893
1006
888
888
1006
998
894
889
895
895
889
890
1010
890
1000
895
890
1010
1002
896
1012
891
896
1002
1013
891
1003
896
891
1013
1005
1006
893
1016
892
1007
1016
898
892
892
894
1007
1007
895
1009
894
895
1007
1009
895
1010
1012
899
1019
896
899
1012
1021
896
1013
899
896
1021
1016
901
898
1016
1018
901
898
901
897
1024
1015
901
897
901
1015
901
1018
1025
1019
899
1020
1020
899
1021
902
900
1023
902
1023
901
902
901
903
901
1023
1024
1029
901
1025
903
901
1029
904
902
903
904
903
906
1032
1027
905
1033
903
1029
906
903
1033
906
908
907
906
907
904
905
1031
1032
1035
906
1033
1035
909
906
909
908
906
909
1035
1039
1041
1036
910
910
1036
1042
912
913
911
914
913
912
915
913
914
916
915
914
917
915
916
918
917
916
919
917
918
1151
919
918
1153
919
1151
924
920
921
924
923
920
922
924
921
922
923
924
931
925
928
931
930
925
933
926
932
935
926
933
927
926
935
1158
927
935
1155
927
1158
929
931
928
929
930
931
933
936
939
932
936
933
934
939
938
934
935
939
935
933
939
940
935
934
940
1164
935
1164
1158
935
937
939
936
937
938
939
1162
1164
940
945
941
942
945
944
941
943
945
942
943
944
945
951
946
949
951
950
946
954
947
952
956
947
954
948
947
956
956
955
948
951
957
959
949
957
951
959
950
951
958
950
959
953
954
952
960
954
953
960
963
954
963
956
954
963
955
956
962
955
963
959
964
966
957
964
959
966
958
959
965
958
966
961
963
960
961
962
963
966
967
970
964
967
966
970
965
966
969
965
970
968
970
967
968
969
970
976
971
975
978
971
976
972
971
978
979
972
978
973
972
979
981
973
979
974
973
981
981
980
974
976
982
984
975
982
976
977
984
983
977
978
984
978
976
984
985
978
977
985
987
978
987
979
978
987
990
979
990
981
979
990
980
981
989
980
990
984
991
994
982
991
984
994
983
984
993
983
994
986
987
985
988
987
986
990
987
988
988
989
990
992
994
991
992
993
994
999
995
998
1001
995
999
996
995
1001
1001
1000
996
1004
997
1002
1004
1003
997
999
1006
1008
998
1006
999
1008
1011
999
1011
1001
999
1011
1000
1001
1010
1000
1011
1004
1012
1014
1002
1012
1004
1014
1003
1004
1013
1003
1014
1007
1017
1016
1007
1008
1017
1005
1017
1006
1006
1017
1008
1009
1008
1007
1011
1008
1009
1009
1010
1011
1014
1019
1022
1012
1019
1014
1022
1013
1014
1021
1013
1022
1016
1026
1018
1016
1017
1026
1024
1026
1015
1015
1026
1017
1026
1025
1018
1020
1022
1019
1020
1021
1022
1023
1026
1024
1023
1028
1026
1028
1030
1026
1030
1025
1026
1029
1025
1030
1032
1028
1027
1032
1034
1028
1034
1030
1028
1034
1029
1030
1033
1029
1034
1031
1034
1032
1031
1037
1034
1037
1038
1034
1033
1040
1035
1033
1034
1040
1034
1038
1040
1040
1039
1035
1043
1036
1041
1043
1042
1036
1048
1044
1045
1047
1044
1048
1246
1049
1207
1246
1122
1049
1122
1046
1049
1052
1047
1048
1051
1047
1052
1207
1053
1212
1049
1053
1207
1050
1051
1052
1212
1055
1215
1053
1055
1212
1057
1056
1054
1213
1215
1055
1060
1056
1057
1059
1056
1060
1062
1058
1061
1126
1058
1062
1126
1265
1058
1265
1216
1058
1064
1059
1060
1063
1059
1064
1062
1065
1066
1061
1065
1062
1268
1126
1062
1268
1062
1220
1220
1062
1066
1069
1063
1064
1068
1063
1069
1066
1070
1072
1065
1070
1066
1072
1222
1066
1222
1220
1066
1067
1068
1069
1071
1072
1070
1074
1072
1071
1074
1225
1072
1225
1222
1072
1076
1075
1073
1223
1225
1074
1079
1075
1076
1078
1075
1079
1081
1077
1080
1128
1077
1081
1128
1278
1077
1278
1226
1077
1083
1078
1079
1082
1078
1083
1081
1084
1086
1080
1084
1081
1129
1128
1081
1129
1081
1086
1085
1228
1230
1089
1082
1083
1088
1082
1089
1086
1090
1093
1084
1090
1086
1085
1288
1092
1085
1230
1288
1092
1288
1093
1129
1086
1288
1093
1288
1086
1087
1088
1089
1091
1093
1090
1091
1092
1093
1096
1095
1094
1100
1095
1096
1099
1095
1100
1103
1097
1101
1103
1102
1097
1098
1099
1100
1103
1104
1106
1101
1104
1103
1106
1310
1103
1106
1132
1310
1103
1310
1102
1238
1105
1310
1102
1310
1105
1106
1107
1110
1104
1107
1106
1239
1109
1105
1239
1105
1238
1110
1133
1106
1106
1133
1132
1108
1110
1107
1239
1108
1109
1239
1319
1108
1110
1108
1133
1133
1108
1319
1137
1136
1112
1112
1136
1139
1111
1137
1112
1111
1113
1137
1138
1137
1115
1115
1137
1113
1111
1112
1139
1111
1139
1330
1111
1330
1114
1243
1114
1330
1115
1142
1138
1115
1116
1119
1113
1116
1115
1244
1118
1114
1244
1114
1243
1119
1145
1115
1115
1145
1142
1119
1146
1144
1119
1116
1146
1120
1146
1117
1117
1146
1116
1120
1117
1118
1120
1118
1244
1120
1244
1149
1341
1149
1244
1144
1145
1119
1146
1120
1148
1148
1120
1149
1151
1121
1152
1122
1350
1154
1246
1350
1122
1123
1155
1157
1159
1156
1124
1124
1156
1160
1163
1123
1157
1125
1123
1163
1159
1127
1165
1124
1127
1159
1167
1265
1160
1167
1270
1265
1160
1265
1124
1126
1127
1265
1124
1265
1127
1162
1125
1163
1165
1127
1166
1126
1166
1127
1126
1268
1166
1167
1166
1270
1270
1166
1268
1284
1278
1128
1170
1169
1130
1129
1169
1128
1129
1130
1169
1128
1169
1284
1172
1289
1169
1284
1169
1289
1170
1130
1171
1175
1171
1130
1175
1130
1129
1175
1129
1295
1288
1295
1129
1383
1289
1172
1176
1174
1131
1175
1131
1174
1175
1295
1131
1295
1298
1131
1176
1131
1177
1177
1298
1388
1131
1298
1177
1318
1310
1132
1180
1179
1134
1133
1179
1132
1133
1134
1179
1132
1179
1318
1181
1321
1179
1318
1179
1321
1180
1135
1183
1134
1135
1180
1395
1321
1181
1322
1134
1319
1322
1135
1134
1134
1133
1319
1183
1135
1184
1184
1322
1397
1135
1322
1184
1140
1136
1137
1139
1403
1332
1139
1136
1403
1187
1403
1140
1140
1403
1136
1188
1186
1141
1141
1186
1189
1137
1138
1140
1332
1330
1139
1140
1138
1187
1187
1138
1142
1187
1142
1191
1188
1143
1192
1141
1143
1188
1193
1141
1189
1143
1141
1193
1196
1191
1145
1191
1142
1145
1192
1147
1197
1143
1147
1192
1146
1147
1143
1146
1143
1195
1146
1195
1144
1193
1195
1143
1144
1195
1196
1144
1196
1145
1341
1344
1149
1197
1150
1201
1147
1150
1197
1202
1148
1199
1202
1147
1148
1202
1150
1147
1147
1146
1148
1344
1148
1149
1344
1419
1148
1419
1199
1148
1151
1152
1153
1350
1352
1154
1158
1157
1155
1161
1156
1159
1161
1160
1156
1164
1157
1158
1163
1157
1164
1161
1165
1168
1159
1165
1161
1168
1160
1161
1167
1160
1168
1162
1163
1164
1166
1168
1165
1166
1167
1168
1173
1169
1170
1173
1172
1169
1171
1173
1170
1172
1385
1383
1172
1173
1385
1175
1385
1171
1171
1385
1173
1178
1174
1176
1174
1385
1175
1174
1178
1385
1178
1389
1385
1177
1178
1176
1388
1178
1177
1389
1178
1388
1182
1179
1180
1182
1181
1179
1182
1183
1185
1180
1183
1182
1181
1399
1395
1181
1182
1399
1182
1185
1399
1184
1185
1183
1397
1185
1184
1399
1185
1397
1409
1403
1187
1190
1186
1188
1190
1189
1186
1409
1191
1411
1187
1191
1409
1190
1192
1194
1188
1192
1190
1194
1189
1190
1193
1189
1194
1411
1196
1414
1191
1196
1411
1194
1197
1198
1192
1197
1194
1193
1200
1195
1193
1194
1200
1194
1198
1200
1195
1414
1196
1195
1200
1414
1200
1421
1414
1198
1201
1203
1197
1201
1198
1199
1203
1202
1199
1200
1203
1200
1198
1203
1419
1200
1199
1421
1200
1419
1207
1247
1246
1207
1206
1247
1206
1204
1247
1248
1208
1253
1205
1208
1248
1251
1205
1249
1251
1209
1205
1209
1208
1205
1209
1252
1210
1251
1252
1209
1210
1252
1259
1212
1206
1207
1211
1206
1212
1253
1208
1254
1254
1209
1256
1208
1209
1254
1256
1210
1258
1209
1210
1256
1258
1210
1259
1215
1211
1212
1214
1211
1215
1213
1214
1215
1265
1217
1216
1269
1217
1265
1271
1266
1218
1218
1266
1273
1220
1269
1268
1220
1219
1269
1219
1217
1269
1271
1218
1272
1272
1218
1273
1222
1219
1220
1221
1219
1222
1225
1221
1222
1224
1221
1225
1223
1224
1225
1279
1277
1227
1227
1277
1281
1278
1229
1226
1283
1229
1278
1279
1227
1280
1280
1227
1281
1285
1231
1230
1285
1230
1229
1285
1229
1283
1229
1230
1228
1231
1286
1232
1285
1286
1231
1232
1286
1293
1288
1231
1290
1230
1231
1288
1290
1232
1292
1231
1232
1290
1292
1232
1293
1297
1296
1233
1233
1296
1299
1297
1234
1302
1233
1234
1297
1304
1233
1299
1234
1233
1304
1307
1301
1235
1235
1301
1308
1302
1234
1303
1306
1234
1304
1306
1236
1234
1303
1234
1311
1311
1234
1236
1307
1236
1306
1307
1235
1236
1235
1237
1236
1315
1235
1308
1237
1235
1315
1238
1310
1317
1311
1236
1312
1312
1237
1314
1236
1237
1312
1314
1237
1315
1320
1238
1317
1239
1238
1320
1319
1239
1320
1325
1323
1240
1240
1323
1326
1325
1241
1331
1240
1241
1325
1334
1240
1326
1241
1240
1334
1336
1329
1242
1242
1329
1338
1331
1243
1330
1331
1241
1243
1340
1243
1333
1333
1243
1241
1333
1241
1334
1336
1242
1337
1337
1242
1338
1342
1243
1340
1244
1243
1342
1341
1244
1342
1346
1345
1245
1245
1345
1347
1246
1351
1350
1247
1351
1246
1250
1253
1255
1248
1253
1250
1249
1257
1251
1249
1250
1257
1250
1255
1257
1260
1251
1257
1252
1251
1260
1260
1259
1252
1355
1353
1261
1354
1253
1353
1354
1255
1253
1353
1253
1261
1254
1262
1253
1261
1253
1262
1255
1357
1257
1255
1354
1357
1257
1357
1256
1262
1254
1357
1256
1357
1254
1258
1257
1256
1260
1257
1258
1258
1259
1260
1355
1263
1359
1261
1263
1355
1263
1261
1264
1264
1261
1262
1363
1262
1357
1264
1262
1363
1359
1263
1360
1360
1264
1362
1263
1264
1360
1365
1264
1363
1365
1267
1264
1362
1264
1366
1366
1264
1267
1267
1365
1368
1270
1269
1265
1274
1266
1271
1274
1273
1266
1367
1366
1267
1367
1267
1368
1268
1269
1270
1272
1274
1271
1272
1273
1274
1371
1370
1275
1275
1370
1372
1371
1276
1374
1275
1276
1371
1376
1275
1372
1276
1275
1376
1374
1276
1375
1375
1276
1376
1282
1277
1279
1282
1281
1277
1284
1283
1278
1379
1378
1287
1287
1378
1381
1279
1280
1282
1280
1281
1282
1283
1291
1285
1283
1284
1291
1284
1289
1291
1294
1379
1291
1294
1380
1379
1291
1379
1285
1287
1286
1379
1285
1379
1286
1287
1293
1286
1287
1381
1293
1294
1293
1380
1380
1293
1381
1289
1384
1291
1289
1383
1384
1291
1384
1290
1295
1288
1384
1290
1384
1288
1292
1291
1290
1294
1291
1292
1292
1293
1294
1297
1298
1295
1297
1295
1386
1297
1386
1296
1384
1386
1295
1299
1387
1300
1299
1296
1387
1296
1386
1387
1300
1387
1393
1298
1390
1388
1298
1302
1390
1298
1297
1302
1305
1390
1302
1305
1304
1299
1305
1299
1392
1305
1392
1390
1392
1299
1300
1392
1300
1393
1307
1309
1301
1309
1308
1301
1303
1305
1302
1304
1313
1306
1304
1305
1313
1311
1313
1303
1303
1313
1305
1306
1309
1307
1306
1313
1309
1313
1316
1309
1316
1308
1309
1315
1308
1316
1318
1317
1310
1312
1313
1311
1314
1313
1312
1316
1313
1314
1314
1315
1316
1321
1317
1318
1320
1317
1321
1319
1398
1322
1319
1320
1398
1395
1398
1321
1321
1398
1320
1400
1396
1324
1324
1396
1401
1397
1322
1398
1325
1327
1323
1328
1323
1324
1328
1326
1323
1324
1323
1400
1327
1404
1323
1400
1323
1404
1406
1324
1401
1328
1324
1406
1331
1403
1325
1331
1332
1403
1325
1403
1327
1408
1335
1403
1327
1403
1335
1326
1405
1334
1326
1328
1405
1334
1405
1335
1404
1327
1405
1335
1405
1327
1405
1328
1406
1336
1339
1329
1339
1338
1329
1332
1331
1330
1408
1340
1335
1408
1410
1340
1340
1333
1335
1333
1334
1335
1337
1339
1336
1337
1338
1339
1413
1342
1410
1410
1342
1340
1415
1412
1343
1343
1412
1417
1341
1420
1344
1341
1342
1420
1342
1413
1420
1415
1343
1416
1416
1343
1417
1419
1344
1420
1346
1348
1345
1347
1422
1349
1347
1345
1422
1423
1422
1348
1348
1422
1345
1349
1422
1424
1350
1351
1352
1356
1353
1355
1358
1353
1356
1354
1353
1358
1358
1357
1354
1356
1359
1361
1355
1359
1356
1361
1364
1356
1364
1358
1356
1364
1357
1358
1363
1357
1364
1360
1361
1359
1362
1361
1360
1364
1361
1362
1363
1369
1365
1363
1364
1369
1366
1369
1362
1362
1369
1364
1369
1368
1365
1367
1369
1366
1367
1368
1369
1373
1370
1371
1373
1372
1370
1373
1374
1377
1371
1374
1373
1377
1372
1373
1376
1372
1377
1375
1377
1374
1375
1376
1377
1382
1378
1379
1382
1381
1378
1380
1382
1379
1380
1381
1382
1385
1384
1383
1384
1391
1386
1384
1385
1391
1385
1389
1391
1394
1386
1391
1387
1386
1394
1394
1393
1387
1390
1389
1388
1391
1389
1390
1392
1391
1390
1394
1391
1392
1392
1393
1394
1399
1398
1395
1402
1396
1400
1402
1401
1396
1397
1398
1399
1402
1404
1407
1400
1404
1402
1407
1401
1402
1406
1401
1407
1409
1408
1403
1405
1407
1404
1405
1406
1407
1411
1408
1409
1410
1408
1411
1414
1410
1411
1413
1410
1414
1418
1412
1415
1418
1417
1412
1421
1413
1414
1420
1413
1421
1416
1418
1415
1416
1417
1418
1419
1420
1421
1425
1422
1423
1425
1424
1422
1498
1495
1426
1426
1495
1500
1496
1717
1502
1715
1717
1496
1498
1427
1504
1426
1427
1498
1506
1426
1500
1427
1426
1506
1502
1719
1508
1717
1719
1502
1504
1427
1505
1505
1427
1506
1508
1719
1749
1431
1428
1429
1430
1510
1432
1430
1428
1510
1512
1510
1431
1431
1510
1428
1432
1510
1514
1516
1759
1723
1431
1433
1435
1429
1433
1431
1436
1434
1430
1436
1430
1432
1435
1518
1431
1431
1518
1512
1520
1432
1514
1436
1432
1520
1516
1724
1522
1723
1724
1516
1435
1437
1440
1433
1437
1435
1441
1439
1434
1441
1434
1436
1440
1524
1435
1435
1524
1518
1526
1436
1520
1441
1436
1526
1522
1726
1528
1724
1726
1522
1438
1440
1437
1441
1438
1439
1441
1525
1438
1440
1438
1524
1524
1438
1525
1525
1441
1526
1528
1728
1529
1726
1728
1528
1445
1442
1443
1445
1444
1442
1529
1730
1532
1728
1730
1529
1445
1446
1448
1443
1446
1445
1448
1444
1445
1447
1444
1448
1535
1531
1449
1532
1449
1531
1532
1730
1449
1537
1449
1773
1773
1449
1730
1448
1450
1452
1446
1450
1448
1452
1534
1448
1452
1538
1534
1448
1534
1447
1453
1451
1534
1447
1534
1451
1535
1453
1534
1535
1449
1453
1449
1454
1453
1776
1449
1537
1776
1731
1449
1731
1454
1449
1452
1455
1458
1450
1455
1452
1459
1457
1451
1459
1451
1453
1458
1541
1452
1452
1541
1538
1459
1453
1460
1460
1453
1454
1460
1454
1733
1733
1454
1731
1456
1458
1455
1459
1456
1457
1459
1542
1456
1458
1456
1541
1541
1456
1542
1542
1460
1544
1459
1460
1542
1544
1733
1781
1460
1733
1544
1464
1461
1462
1463
1547
1465
1463
1461
1547
1549
1547
1464
1464
1547
1461
1465
1547
1552
1464
1466
1468
1462
1466
1464
1463
1551
1467
1463
1465
1551
1467
1551
1468
1549
1464
1551
1468
1551
1464
1553
1465
1552
1553
1469
1465
1551
1465
1557
1557
1465
1469
1469
1553
1559
1468
1470
1472
1466
1470
1468
1472
1556
1468
1472
1561
1556
1468
1556
1467
1473
1471
1556
1467
1556
1471
1557
1473
1556
1557
1469
1473
1469
1474
1473
1563
1469
1559
1474
1469
1563
1472
1475
1478
1470
1475
1472
1479
1477
1471
1479
1471
1473
1478
1565
1472
1472
1565
1561
1479
1473
1480
1480
1473
1474
1567
1474
1563
1480
1474
1567
1476
1478
1475
1565
1476
1569
1565
1478
1476
1569
1476
1481
1477
1479
1476
1481
1476
1479
1481
1479
1482
1482
1479
1480
1573
1480
1567
1482
1480
1573
1569
1481
1570
1570
1482
1572
1481
1482
1570
1572
1482
1573
1578
1575
1483
1483
1575
1580
1582
1577
1484
1484
1577
1584
1578
1485
1586
1483
1485
1578
1581
1483
1580
1581
1486
1483
1486
1485
1483
1582
1486
1581
1582
1484
1486
1484
1487
1486
1587
1484
1584
1487
1484
1587
1586
1488
1589
1485
1488
1586
1488
1485
1489
1489
1485
1486
1489
1486
1490
1490
1486
1487
1593
1487
1587
1490
1487
1593
1589
1488
1590
1590
1491
1596
1590
1488
1491
1488
1489
1491
1491
1489
1492
1492
1489
1490
1599
1490
1593
1492
1490
1599
1596
1491
1597
1597
1493
1603
1597
1491
1493
1491
1492
1493
1605
1492
1599
1493
1492
1605
1607
1499
1613
1494
1499
1607
1615
1495
1608
1615
1501
1495
1608
1495
1494
1498
1499
1495
1494
1495
1499
1503
1495
1497
1503
1500
1495
1497
1495
1610
1501
1617
1495
1610
1495
1617
1503
1497
1502
1497
1496
1502
1745
1611
1619
1745
1742
1611
1613
1499
1614
1501
1614
1507
1501
1615
1614
1507
1614
1504
1499
1498
1614
1504
1614
1498
1500
1618
1506
1500
1503
1618
1506
1618
1507
1617
1501
1618
1507
1618
1501
1745
1618
1750
1745
1619
1618
1750
1618
1508
1503
1502
1618
1508
1618
1502
1505
1507
1504
1505
1506
1507
1749
1750
1508
1623
1621
1509
1509
1621
1624
1626
1622
1511
1511
1622
1627
1623
1513
1629
1509
1513
1623
1630
1510
1624
1630
1515
1510
1624
1510
1509
1512
1513
1510
1509
1510
1513
1517
1510
1511
1517
1514
1510
1511
1510
1626
1515
1632
1510
1626
1510
1632
1633
1759
1627
1633
1761
1759
1627
1759
1511
1516
1517
1759
1511
1759
1517
1629
1519
1635
1513
1519
1629
1519
1513
1518
1513
1512
1518
1521
1630
1637
1521
1515
1630
1523
1520
1514
1523
1514
1517
1521
1639
1515
1515
1639
1632
1523
1517
1522
1517
1516
1522
1763
1633
1641
1763
1761
1633
1635
1519
1636
1521
1636
1527
1521
1637
1636
1527
1636
1524
1519
1518
1636
1524
1636
1518
1520
1640
1526
1520
1523
1640
1526
1640
1527
1639
1521
1640
1527
1640
1521
1763
1640
1766
1763
1641
1640
1766
1640
1528
1523
1522
1640
1528
1640
1522
1525
1527
1524
1525
1526
1527
1766
1529
1769
1528
1529
1766
1644
1643
1530
1530
1643
1645
1769
1532
1775
1529
1532
1769
1644
1533
1649
1530
1533
1644
1647
1530
1645
1647
1536
1530
1536
1533
1530
1536
1531
1535
1536
1647
1531
1647
1648
1531
1537
1775
1653
1537
1773
1775
1653
1775
1648
1532
1531
1775
1648
1775
1531
1649
1539
1655
1533
1539
1649
1657
1540
1651
1539
1536
1538
1539
1533
1536
1536
1534
1538
1651
1540
1659
1536
1535
1534
1778
1776
1537
1778
1537
1661
1661
1537
1653
1655
1539
1656
1540
1656
1543
1540
1657
1656
1543
1656
1541
1539
1538
1656
1541
1656
1538
1660
1659
1540
1660
1540
1545
1545
1540
1543
1661
1660
1545
1661
1545
1778
1778
1545
1782
1665
1663
1546
1664
1541
1663
1664
1543
1541
1663
1541
1546
1542
1548
1541
1546
1541
1548
1543
1667
1545
1543
1664
1667
1545
1667
1544
1548
1542
1667
1544
1667
1542
1781
1545
1544
1782
1545
1781
1665
1550
1670
1546
1550
1665
1547
1549
1550
1547
1550
1548
1548
1550
1546
1548
1667
1669
1547
1548
1669
1547
1669
1554
1547
1554
1552
1554
1669
1674
1670
1555
1676
1550
1555
1670
1549
1551
1558
1549
1558
1550
1550
1558
1555
1558
1551
1557
1560
1673
1678
1552
1554
1553
1554
1559
1553
1554
1674
1559
1560
1559
1673
1673
1559
1674
1676
1562
1680
1555
1562
1676
1556
1561
1562
1556
1562
1558
1558
1562
1555
1678
1684
1564
1678
1564
1560
1557
1556
1558
1564
1559
1560
1563
1559
1564
1680
1562
1681
1562
1683
1681
1562
1565
1683
1562
1561
1565
1566
1683
1565
1684
1683
1566
1684
1566
1564
1564
1566
1568
1568
1563
1564
1567
1563
1568
1566
1569
1571
1565
1569
1566
1571
1574
1566
1574
1568
1566
1574
1567
1568
1573
1567
1574
1571
1689
1686
1571
1569
1689
1576
1689
1570
1570
1689
1569
1571
1690
1574
1571
1686
1690
1574
1690
1572
1576
1570
1690
1572
1690
1570
1572
1573
1574
1692
1687
1579
1579
1575
1578
1579
1687
1575
1687
1688
1575
1580
1575
1688
1580
1688
1576
1580
1576
1583
1576
1688
1689
1696
1577
1690
1696
1585
1577
1690
1577
1576
1582
1583
1577
1576
1577
1583
1585
1584
1577
1692
1579
1693
1693
1579
1578
1693
1578
1698
1698
1578
1586
1581
1580
1583
1696
1702
1588
1696
1588
1585
1582
1581
1583
1588
1584
1585
1587
1584
1588
1699
1589
1591
1699
1698
1589
1698
1586
1589
1591
1592
1701
1699
1591
1701
1702
1701
1592
1702
1592
1588
1588
1592
1594
1594
1587
1588
1593
1587
1594
1705
1704
1595
1595
1704
1706
1589
1590
1591
1596
1591
1590
1596
1598
1591
1598
1592
1591
1598
1600
1592
1600
1594
1592
1600
1593
1594
1599
1593
1600
1705
1601
1710
1595
1601
1705
1708
1595
1706
1708
1602
1595
1602
1601
1595
1709
1596
1708
1709
1598
1596
1708
1596
1602
1597
1604
1596
1602
1596
1604
1597
1603
1604
1709
1713
1598
1598
1713
1606
1598
1606
1600
1606
1599
1600
1605
1599
1606
1609
1613
1616
1607
1613
1609
1616
1608
1609
1615
1608
1616
1612
1617
1620
1610
1617
1612
1620
1611
1612
1619
1611
1620
1614
1616
1613
1614
1615
1616
1618
1620
1617
1618
1619
1620
1625
1621
1623
1625
1624
1621
1628
1622
1626
1628
1627
1622
1625
1629
1631
1623
1629
1625
1631
1624
1625
1630
1624
1631
1628
1632
1634
1626
1632
1628
1634
1627
1628
1633
1627
1634
1631
1635
1638
1629
1635
1631
1638
1630
1631
1637
1630
1638
1634
1639
1642
1632
1639
1634
1642
1633
1634
1641
1633
1642
1636
1638
1635
1636
1637
1638
1640
1642
1639
1640
1641
1642
1646
1643
1644
1646
1645
1643
1646
1649
1650
1644
1649
1646
1645
1652
1647
1645
1646
1652
1646
1650
1652
1654
1647
1652
1648
1647
1654
1654
1653
1648
1650
1655
1658
1649
1655
1650
1651
1658
1657
1651
1652
1658
1652
1650
1658
1659
1652
1651
1659
1662
1652
1662
1654
1652
1662
1653
1654
1661
1653
1662
1656
1658
1655
1656
1657
1658
1660
1662
1659
1660
1661
1662
1666
1663
1665
1668
1663
1666
1664
1663
1668
1668
1667
1664
1666
1670
1671
1665
1670
1666
1671
1672
1666
1672
1668
1666
1667
1675
1669
1667
1668
1675
1668
1672
1675
1675
1674
1669
1671
1676
1677
1670
1676
1671
1677
1679
1671
1679
1672
1671
1673
1679
1678
1673
1675
1679
1675
1672
1679
1673
1674
1675
1677
1680
1682
1676
1680
1677
1682
1685
1677
1685
1679
1677
1685
1678
1679
1684
1678
1685
1681
1682
1680
1683
1682
1681
1685
1682
1683
1683
1684
1685
1691
1686
1689
1691
1690
1686
1694
1687
1692
1695
1687
1694
1688
1687
1695
1688
1691
1689
1688
1695
1691
1695
1697
1691
1697
1690
1691
1696
1690
1697
1693
1694
1692
1698
1694
1693
1698
1700
1694
1700
1695
1694
1700
1703
1695
1703
1697
1695
1703
1696
1697
1702
1696
1703
1699
1700
1698
1701
1700
1699
1703
1700
1701
1701
1702
1703
1707
1704
1705
1707
1706
1704
1707
1710
1711
1705
1710
1707
1706
1712
1708
1706
1707
1712
1707
1711
1712
1714
1708
1712
1709
1708
1714
1714
1713
1709
1717
1715
1718
1718
1715
1716
1746
1716
1743
1718
1716
1746
1719
1717
1720
1720
1717
1718
1748
1718
1746
1748
1721
1718
1721
1720
1718
1721
1748
1753
1749
1720
1751
1719
1720
1749
1751
1722
1755
1751
1720
1722
1720
1721
1722
1757
1721
1753
1722
1721
1757
1755
1722
1756
1756
1722
1757
1723
1759
1760
1762
1723
1760
1762
1725
1723
1725
1724
1723
1725
1762
1764
1726
1724
1727
1727
1724
1725
1767
1725
1764
1727
1725
1767
1728
1726
1729
1729
1726
1727
1771
1727
1767
1729
1727
1771
1774
1729
1770
1774
1730
1729
1730
1728
1729
1770
1729
1771
1773
1730
1774
1731
1777
1732
1776
1777
1731
1732
1777
1779
1733
1731
1734
1734
1731
1732
1783
1732
1779
1734
1732
1783
1781
1735
1785
1781
1733
1735
1733
1734
1735
1787
1734
1783
1735
1734
1787
1785
1735
1786
1786
1735
1787
1790
1789
1736
1736
1789
1791
1790
1737
1793
1736
1737
1790
1794
1736
1791
1737
1736
1794
1793
1738
1796
1737
1738
1793
1798
1737
1794
1738
1737
1798
1796
1738
1797
1797
1738
1798
1801
1800
1739
1739
1800
1802
1801
1740
1804
1739
1740
1801
1805
1739
1802
1740
1739
1805
1804
1741
1807
1740
1741
1804
1809
1740
1805
1741
1740
1809
1807
1741
1808
1808
1741
1809
1745
1747
1742
1747
1744
1742
1747
1743
1744
1746
1743
1747
1750
1752
1745
1752
1747
1745
1746
1754
1748
1746
1747
1754
1747
1752
1754
1754
1753
1748
1751
1750
1749
1752
1750
1751
1755
1752
1751
1755
1758
1752
1758
1754
1752
1758
1753
1754
1757
1753
1758
1756
1758
1755
1756
1757
1758
1761
1760
1759
1760
1765
1762
1760
1761
1765
1761
1763
1765
1765
1764
1762
1766
1768
1763
1768
1765
1763
1768
1764
1765
1767
1764
1768
1769
1772
1766
1772
1768
1766
1772
1767
1768
1771
1767
1772
1770
1775
1774
1770
1772
1775
1772
1769
1775
1770
1771
1772
1773
1774
1775
1780
1776
1778
1777
1776
1780
1780
1779
1777
1782
1784
1778
1784
1780
1778
1784
1779
1780
1783
1779
1784
1785
1782
1781
1785
1788
1782
1788
1784
1782
1788
1783
1784
1787
1783
1788
1786
1788
1785
1786
1787
1788
1792
1789
1790
1792
1791
1789
1792
1793
1795
1790
1793
1792
1795
1791
1792
1794
1791
1795
1795
1796
1799
1793
1796
1795
1799
1794
1795
1798
1794
1799
1797
1799
1796
1797
1798
1799
1803
1800
1801
1803
1802
1800
1803
1804
1806
1801
1804
1803
1806
1802
1803
1805
1802
1806
1806
1807
1810
1804
1807
1806
1810
1805
1806
1809
1805
1810
1808
1810
1807
1808
1809
1810
