103
259
10
103
15
105
10
15
103
105
20
107
15
20
105
107
25
178
20
25
107
178
30
180
25
30
178
180
30
305
255
247
0
0
249
1
247
249
0
1
365
45
249
365
1
257
252
2
2
254
3
252
254
2
255
3
254
255
0
3
0
4
3
4
0
5
5
0
1
5
1
48
48
1
45
257
6
260
2
6
257
6
2
7
7
2
3
7
3
8
8
3
4
8
4
9
9
4
5
9
5
53
53
5
48
260
10
259
260
6
10
6
11
10
11
6
12
12
6
7
12
7
13
13
7
8
13
8
14
14
8
9
14
9
58
58
9
53
15
10
16
16
10
11
16
11
17
17
11
12
17
12
18
18
12
13
18
13
19
19
13
14
19
14
63
63
14
58
20
15
21
21
15
16
21
16
22
22
16
17
22
17
23
23
17
18
23
18
24
24
18
19
24
19
68
68
19
63
25
20
26
26
20
21
26
21
27
27
21
22
27
22
28
28
22
23
28
23
29
29
23
24
29
24
73
73
24
68
30
25
31
31
25
26
31
26
32
32
26
27
32
27
33
33
27
28
33
28
34
34
28
29
34
29
78
78
29
73
305
35
306
305
30
35
30
31
35
35
31
36
36
31
32
36
32
37
37
32
33
37
33
38
38
33
34
38
34
83
83
34
78
306
39
308
35
39
306
39
35
40
40
35
36
40
36
41
41
36
37
41
37
42
42
37
38
42
38
88
88
38
83
308
39
310
310
40
311
39
40
310
311
43
314
311
40
43
40
41
43
43
41
44
44
41
42
44
42
93
93
42
88
314
43
316
316
44
317
43
44
316
317
93
427
44
93
317
45
367
46
365
367
45
46
369
47
367
369
46
47
369
373
48
45
49
49
45
46
49
46
50
50
46
47
374
47
373
374
51
47
51
50
47
51
376
52
374
376
51
52
376
378
53
48
54
54
48
49
54
49
55
55
49
50
55
50
56
56
50
51
56
51
57
57
51
52
379
52
378
57
52
379
58
53
59
59
53
54
59
54
60
60
54
55
60
55
61
61
55
56
61
56
62
62
56
57
484
57
379
484
96
57
96
62
57
63
58
64
64
58
59
64
59
65
65
59
60
65
60
66
66
60
61
66
61
67
67
61
62
67
62
97
97
62
96
68
63
69
69
63
64
69
64
70
70
64
65
70
65
71
71
65
66
71
66
72
72
66
67
72
67
98
98
67
97
73
68
74
74
68
69
74
69
75
75
69
70
75
70
76
76
70
71
76
71
77
77
71
72
77
72
99
99
72
98
78
73
79
79
73
74
79
74
80
80
74
75
80
75
81
81
75
76
81
76
82
82
76
77
82
77
100
100
77
99
83
78
84
84
78
79
84
79
85
85
79
80
85
80
86
86
80
81
86
81
87
87
81
82
423
100
569
423
87
100
87
82
100
88
83
89
89
83
84
89
84
90
90
84
85
90
85
91
91
85
86
91
86
92
92
86
87
426
87
423
92
87
426
93
88
94
94
88
89
94
89
95
95
89
90
430
91
424
430
95
91
95
90
91
424
92
425
91
92
424
425
92
426
427
94
428
93
94
427
428
95
429
94
95
428
429
95
430
96
484
487
489
96
487
97
96
489
491
97
489
98
97
491
567
98
491
99
98
567
570
99
567
100
99
570
569
100
570
649
709
173
649
175
650
173
175
649
650
177
651
175
177
650
651
231
674
177
231
651
674
233
675
231
233
674
675
233
754
111
272
251
113
110
101
111
101
110
111
251
101
251
258
101
113
102
115
101
102
113
102
101
261
261
101
258
115
104
118
102
104
115
259
103
104
259
104
261
261
104
102
118
106
121
104
106
118
106
104
103
105
106
103
121
108
124
106
108
121
108
106
105
107
108
105
124
179
185
108
179
124
179
108
107
178
179
107
128
126
109
109
282
274
126
282
109
128
112
131
109
112
128
272
111
112
272
112
274
274
112
109
133
130
114
131
112
110
130
131
110
130
110
113
130
113
114
110
112
111
133
116
136
114
116
133
116
114
113
115
116
113
138
135
117
136
117
135
136
116
117
116
119
117
119
116
115
118
119
115
138
120
139
117
120
138
120
117
122
122
117
119
122
119
118
121
122
118
139
123
140
120
123
139
123
120
125
125
120
122
125
122
121
124
125
121
140
184
198
123
184
140
184
123
186
186
123
125
186
125
124
185
186
124
144
141
127
127
293
284
141
293
127
146
143
129
144
127
126
143
144
126
143
126
128
143
128
129
282
126
127
284
282
127
146
132
149
129
132
146
132
129
128
131
132
128
151
148
134
149
132
130
148
149
130
148
130
133
148
133
134
130
132
131
151
137
153
134
137
151
137
134
133
136
137
133
135
153
137
135
138
153
138
155
153
135
137
136
157
155
139
155
138
139
159
157
140
157
139
140
212
159
198
159
140
198
163
161
142
142
302
295
161
302
142
165
162
145
163
142
141
162
163
141
162
141
144
162
144
145
293
141
142
295
293
142
166
164
147
165
145
143
164
165
143
164
143
146
164
146
147
143
145
144
166
150
168
147
150
166
150
147
146
149
150
146
170
167
152
168
150
148
167
168
148
167
148
151
167
151
152
148
150
149
170
154
171
152
154
170
154
152
151
153
154
151
171
156
172
154
156
171
156
154
153
155
156
153
172
158
174
156
158
172
158
156
155
157
158
155
174
160
176
158
160
174
160
158
157
159
160
157
176
213
230
160
213
176
213
160
159
212
213
159
695
816
304
698
161
163
694
161
698
695
304
302
695
302
694
694
302
161
701
162
165
697
162
701
162
697
698
163
162
698
704
164
166
700
164
704
164
700
701
165
164
701
706
703
169
169
703
704
169
704
168
168
704
166
167
706
169
167
170
706
170
707
706
167
169
168
710
707
171
707
170
171
173
709
710
173
710
172
172
710
171
175
173
172
174
175
172
177
175
174
176
177
174
231
177
176
230
231
176
185
181
188
179
181
185
181
179
178
180
181
178
188
182
190
181
182
188
180
305
307
180
307
181
181
307
182
190
183
192
182
183
190
183
182
309
309
182
307
192
183
194
194
312
195
194
183
312
183
309
312
195
312
322
198
187
199
184
187
198
187
184
189
189
184
186
189
186
185
188
189
185
199
187
200
200
191
201
200
187
191
187
189
191
191
189
188
190
191
188
201
193
203
191
193
201
193
191
190
192
193
190
203
193
205
196
192
194
206
192
196
206
193
192
206
205
193
196
194
195
206
197
208
196
197
206
195
322
324
195
324
196
196
324
197
208
197
210
210
324
335
197
324
210
214
212
199
212
198
199
202
199
200
202
216
199
216
214
199
202
200
201
216
204
218
202
204
216
204
202
201
203
204
201
218
204
220
207
203
205
221
203
207
221
204
203
221
220
204
207
205
206
221
209
223
207
209
221
209
207
206
208
209
206
223
209
225
211
208
210
226
208
211
226
209
208
226
225
209
337
211
210
335
337
210
226
211
228
228
337
345
211
337
228
230
215
232
213
215
230
215
213
212
214
215
212
232
217
234
215
217
232
217
215
214
216
217
214
234
219
235
217
219
234
219
217
216
218
219
216
235
219
236
222
218
220
237
218
222
237
219
218
237
236
219
222
220
221
237
224
239
222
224
237
224
222
221
223
224
221
239
224
240
227
223
225
241
223
227
241
224
223
241
240
224
227
225
226
241
227
242
229
226
228
243
226
229
243
227
226
243
242
227
347
229
228
345
347
228
243
229
244
244
347
356
229
347
244
233
231
230
232
233
230
754
233
232
754
232
755
755
232
234
757
755
235
755
234
235
238
235
236
238
759
235
759
757
235
238
236
237
759
238
760
760
238
237
760
237
761
761
237
239
239
763
761
240
763
239
763
240
241
764
763
241
241
766
764
242
766
241
766
242
243
767
766
243
243
769
767
244
769
243
358
770
769
358
769
356
356
769
244
770
358
845
273
264
245
245
266
246
264
266
245
246
268
248
266
268
246
248
270
250
268
270
248
250
383
366
270
383
250
273
251
272
273
245
251
245
253
251
253
245
256
256
245
246
247
255
256
247
256
248
248
256
246
249
247
248
250
249
248
365
249
250
366
365
250
252
257
258
252
258
253
253
258
251
254
252
253
256
254
253
254
256
255
261
258
257
260
261
257
259
261
260
280
275
262
262
276
263
275
276
262
263
394
380
276
394
263
283
277
265
265
279
267
277
279
265
280
267
279
280
262
267
262
269
267
269
262
271
271
262
263
271
263
384
384
263
380
283
265
264
282
283
264
282
264
273
282
273
274
266
264
265
267
266
265
268
266
267
269
268
267
270
268
269
271
270
269
383
270
271
384
383
271
272
274
273
294
285
278
278
287
281
285
287
278
281
275
280
281
287
275
287
289
275
289
291
275
275
291
276
291
403
276
276
403
394
294
278
277
293
294
277
293
277
283
293
283
284
279
277
278
281
279
278
279
281
280
282
284
283
303
296
286
286
297
288
296
297
286
288
298
290
297
298
288
290
300
292
298
300
290
292
414
404
300
414
292
303
286
285
302
303
285
302
285
294
302
294
295
287
285
286
288
287
286
289
287
288
290
289
288
291
289
290
292
291
290
403
291
292
404
403
292
293
295
294
820
814
299
299
815
301
814
815
299
301
876
415
815
876
301
304
296
303
304
816
296
816
817
296
817
819
296
296
819
297
820
299
298
820
298
819
819
298
297
300
298
299
301
300
299
414
300
301
415
414
301
302
304
303
307
305
306
309
307
306
308
309
306
308
310
313
308
313
309
309
313
312
315
313
310
311
315
310
315
311
314
322
318
323
322
312
318
312
313
318
318
313
319
319
313
315
314
316
320
314
320
315
315
320
319
321
320
316
317
321
316
433
321
317
427
433
317
323
318
325
325
319
326
318
319
325
326
320
327
319
320
326
327
321
328
320
321
327
328
433
438
321
433
328
324
322
323
329
323
325
336
323
329
336
324
323
336
335
324
330
329
325
326
330
325
331
330
326
327
331
326
332
331
327
328
332
327
444
332
328
438
444
328
336
329
338
338
330
339
329
330
338
339
333
341
339
330
333
330
331
333
333
331
334
334
331
332
334
332
449
449
332
444
341
333
343
343
334
344
333
334
343
344
449
455
334
449
344
337
335
336
340
336
338
346
336
340
346
337
336
346
345
337
342
340
338
339
342
338
342
339
341
346
340
348
348
342
349
340
342
348
341
349
342
341
343
349
343
350
349
350
343
351
343
344
351
351
344
461
344
455
461
347
345
346
352
346
348
357
346
352
357
347
346
357
356
347
353
352
348
349
353
348
354
353
349
350
354
349
355
354
350
351
355
350
467
355
351
461
467
351
357
352
359
359
353
360
352
353
359
360
354
361
353
354
360
361
355
362
354
355
361
362
467
472
355
467
362
358
356
357
357
845
358
357
359
845
359
846
845
846
359
847
359
360
847
363
849
847
363
847
361
361
847
360
364
363
361
362
364
361
478
364
362
472
478
362
849
363
851
851
364
852
363
364
851
852
478
908
364
478
852
366
385
368
383
385
366
368
387
370
385
387
368
370
389
371
387
389
370
371
391
372
389
391
371
372
391
393
367
365
366
368
367
366
369
367
368
370
369
368
373
369
370
373
370
375
375
370
371
375
371
377
377
371
372
493
372
393
493
481
372
481
377
372
374
373
375
376
374
375
377
376
375
378
376
377
378
377
482
482
377
481
482
485
379
378
482
379
484
379
485
380
395
381
394
395
380
381
396
382
395
396
381
382
396
397
384
380
386
386
380
381
386
381
388
388
381
382
398
382
397
398
390
382
390
388
382
390
400
392
398
400
390
392
400
402
385
383
384
386
385
384
387
385
386
388
387
386
389
387
388
390
389
388
391
389
390
392
391
390
392
402
512
391
392
512
391
512
494
391
494
393
493
393
494
403
405
394
394
405
395
405
407
395
395
407
396
397
409
399
397
396
409
396
407
409
399
411
401
409
411
399
401
411
413
398
397
399
400
398
399
401
400
399
401
413
529
400
401
529
400
529
513
400
513
402
512
402
513
404
416
406
414
416
404
406
418
408
416
418
406
408
420
410
418
420
408
410
421
412
420
421
410
412
421
422
405
403
404
406
405
404
407
405
406
408
407
406
409
407
408
410
409
408
411
409
410
412
411
410
412
422
551
411
412
551
411
551
530
411
530
413
529
413
530
415
877
417
876
877
415
417
878
419
877
878
417
419
878
879
416
414
415
417
416
415
418
416
417
419
418
417
419
879
880
419
880
418
418
880
420
880
882
420
420
882
421
422
936
552
422
421
936
421
882
936
551
422
552
572
423
569
572
574
426
423
572
426
431
430
424
432
431
424
425
432
424
425
426
574
425
574
432
432
574
576
434
433
427
428
434
427
435
434
428
429
435
428
429
430
431
429
431
435
435
431
436
436
431
437
437
431
432
443
576
588
443
437
576
437
432
576
438
434
439
433
434
438
439
435
440
434
435
439
440
436
441
435
436
440
441
437
442
436
437
441
442
437
443
591
443
588
445
444
438
439
445
438
446
445
439
440
446
439
447
446
440
441
447
440
448
447
441
442
448
441
442
443
591
448
442
591
448
591
603
448
603
454
449
444
450
450
444
445
450
445
451
451
445
446
458
447
452
458
451
447
451
446
447
452
448
453
447
448
452
453
448
454
455
450
456
449
450
455
456
451
457
450
451
456
457
451
458
607
454
603
459
458
452
460
459
452
453
460
452
453
454
607
460
453
607
460
607
623
460
623
466
461
455
462
455
456
462
462
456
463
456
457
463
459
457
458
459
464
457
464
463
457
464
460
465
459
460
464
465
460
466
627
466
623
468
467
461
462
468
461
469
468
462
463
469
462
470
469
463
464
470
463
471
470
464
465
471
464
465
466
627
471
465
627
471
627
640
471
640
477
472
468
473
467
468
472
473
469
474
468
469
473
474
470
475
469
470
474
475
471
476
470
471
475
476
471
477
643
477
640
479
478
472
473
479
472
480
479
473
474
480
473
911
480
474
911
474
906
906
474
475
906
475
907
475
476
907
643
476
477
643
1007
476
1007
907
476
908
479
909
478
479
908
909
480
910
479
480
909
910
480
911
481
493
496
497
481
496
497
483
481
483
482
481
483
497
499
485
482
486
486
482
483
501
483
499
486
483
501
487
484
485
487
485
488
488
485
486
503
486
501
488
486
503
488
490
489
487
488
489
506
488
503
490
488
506
490
492
491
489
490
491
509
490
506
492
490
509
492
568
567
491
492
567
577
492
509
568
492
577
494
514
495
512
514
494
495
514
516
496
493
494
496
494
498
498
494
495
518
495
516
498
495
518
497
496
498
498
518
519
497
498
519
497
519
500
497
500
499
500
519
521
500
502
501
499
500
501
523
500
521
502
500
523
502
504
503
501
502
503
524
502
523
524
505
502
505
504
502
505
524
526
504
507
506
503
504
506
507
504
508
508
504
505
527
505
526
508
505
527
507
510
509
506
507
509
510
507
511
511
507
508
528
508
527
511
508
528
510
578
577
509
510
577
578
510
579
579
510
511
593
511
528
579
511
593
513
531
515
529
531
513
515
531
533
514
512
513
515
514
513
515
533
534
514
515
534
514
534
517
514
517
516
517
534
536
517
520
518
516
517
518
538
517
536
520
517
538
519
518
520
520
538
539
519
520
539
519
539
522
519
522
521
522
539
541
522
525
523
521
522
523
543
522
541
525
522
543
524
523
525
525
526
524
525
543
526
543
545
526
547
527
545
545
527
526
549
528
547
547
528
527
609
593
549
549
593
528
530
553
532
551
553
530
532
553
554
531
529
530
532
531
530
532
554
555
531
532
555
531
555
535
531
535
533
535
555
556
534
533
535
535
556
557
534
535
557
534
557
537
534
537
536
537
557
558
537
540
538
536
537
538
559
537
558
540
537
559
539
538
540
540
559
560
539
540
560
539
560
542
539
542
541
542
560
562
542
544
543
541
542
543
563
542
562
544
542
563
544
546
545
543
544
545
564
544
563
546
544
564
546
548
547
545
546
547
565
546
564
548
546
565
548
550
549
547
548
549
566
548
565
550
548
566
550
610
609
549
550
609
629
550
566
610
550
629
552
936
937
552
937
938
552
938
551
551
938
553
938
554
553
940
554
938
554
940
941
555
554
941
941
556
555
943
556
941
556
943
944
557
556
944
944
558
557
946
558
944
947
561
559
947
559
946
946
559
558
561
947
949
560
559
561
561
562
560
561
949
562
949
950
562
951
563
950
950
563
562
1053
644
564
1053
564
951
951
564
563
644
645
565
564
644
565
645
646
566
565
645
566
646
647
629
566
646
629
568
571
570
567
568
570
580
568
577
571
568
580
569
570
571
569
571
572
572
571
573
583
571
580
573
571
583
574
572
575
575
572
573
586
573
583
575
573
586
589
575
585
589
576
575
576
574
575
585
575
586
588
576
589
578
581
580
577
578
580
581
578
582
582
578
579
595
579
593
582
579
595
581
584
583
580
581
583
596
582
594
596
584
582
584
581
582
594
582
595
584
587
586
583
584
586
599
584
596
587
584
599
590
589
585
585
586
587
590
585
587
590
587
598
590
598
601
598
587
599
588
589
590
588
590
591
591
590
592
605
590
601
592
590
605
603
592
604
591
592
603
604
592
605
611
595
609
609
595
593
597
596
594
594
613
597
594
595
613
595
611
613
597
600
599
596
597
599
616
597
613
600
597
616
602
601
598
598
599
600
602
598
600
602
600
615
602
615
618
615
600
616
602
606
605
601
602
605
621
602
618
606
602
621
608
607
603
604
608
603
604
605
606
608
604
606
608
606
620
608
620
625
620
606
621
623
608
624
607
608
623
624
608
625
610
612
611
609
610
611
630
610
629
612
610
630
612
614
613
611
612
613
631
612
630
614
612
631
614
617
616
613
614
616
633
614
631
617
614
633
619
618
615
615
616
617
619
615
617
619
617
632
619
632
634
632
617
633
619
622
621
618
619
621
637
619
634
622
619
637
626
625
620
620
621
622
626
620
622
626
622
636
626
636
639
636
622
637
628
627
623
624
628
623
624
625
626
628
624
626
628
626
638
628
638
642
638
626
639
640
628
641
627
628
640
641
628
642
647
648
630
629
647
630
648
1086
994
648
994
630
630
994
631
995
633
994
994
633
631
635
634
632
632
997
635
632
633
997
633
995
997
635
996
999
635
999
634
634
999
637
996
635
997
1002
639
636
998
1002
636
636
999
998
637
999
636
1005
642
638
1001
1005
638
638
1002
1001
639
1002
638
1008
643
640
1008
640
1004
1004
640
641
641
1005
1004
642
1005
641
1007
643
1008
644
1053
1055
1056
644
1055
645
644
1056
1057
645
1056
646
645
1057
1085
646
1057
647
646
1085
1087
647
1085
648
647
1087
1086
648
1087
652
720
708
652
711
653
708
711
652
709
653
711
709
649
653
649
654
653
655
654
650
654
649
650
656
655
651
655
650
651
676
656
674
656
651
674
657
720
652
731
720
657
658
657
653
657
652
653
659
658
654
658
653
654
660
659
655
659
654
655
661
660
656
660
655
656
680
661
676
661
656
676
662
742
733
731
662
733
731
657
662
657
663
662
664
663
658
663
657
658
665
664
659
664
658
659
666
665
660
665
659
660
667
666
661
666
660
661
684
667
680
667
661
680
668
742
662
752
742
668
669
668
663
668
662
663
670
669
664
669
663
664
671
670
665
670
664
665
672
671
666
671
665
666
673
672
667
672
666
667
689
673
684
673
667
684
1113
752
668
1172
752
1113
1114
1113
669
1113
668
669
1115
1114
670
1114
669
670
1116
1115
671
1115
670
671
1117
1116
672
1116
671
672
1118
1117
673
1117
672
673
1141
1118
689
1118
673
689
677
676
675
676
674
675
756
675
754
756
678
675
678
677
675
678
758
679
756
758
678
679
758
772
681
680
677
680
676
677
682
681
678
681
677
678
683
682
679
682
678
679
679
782
683
772
782
679
685
684
681
684
680
681
686
685
682
685
681
682
687
686
683
686
682
683
784
683
782
784
688
683
688
687
683
688
784
794
690
689
685
689
684
685
691
690
686
690
685
686
692
691
687
691
686
687
693
692
688
692
687
688
688
804
693
794
804
688
1142
1141
690
1141
689
690
1143
1142
691
1142
690
691
1144
1143
692
1143
691
692
1145
1144
693
1144
692
693
693
1222
1145
804
1222
693
714
712
696
696
816
695
696
712
816
712
826
816
716
713
699
714
696
694
713
714
694
713
694
698
713
698
699
694
696
695
718
715
702
716
699
697
715
716
697
715
697
701
715
701
702
697
699
698
719
717
705
718
702
700
717
718
700
717
700
704
717
704
705
700
702
701
703
719
705
703
706
719
706
721
719
703
705
704
708
720
721
708
721
707
707
721
706
711
708
707
710
711
707
709
711
710
724
712
714
722
712
724
722
832
712
712
832
826
726
713
716
723
713
726
713
723
724
714
713
724
729
715
718
725
715
729
715
725
726
716
715
726
730
717
719
728
717
730
717
728
729
718
717
729
732
730
721
730
719
721
720
731
732
721
720
732
735
835
834
738
722
724
734
722
738
735
834
832
735
832
734
734
832
722
739
736
727
727
723
726
727
736
723
736
737
723
723
737
738
724
723
738
725
739
727
725
729
739
729
741
739
725
727
726
743
728
730
740
728
743
728
740
741
729
728
741
733
742
743
733
743
732
732
743
730
731
733
732
745
835
735
840
835
745
748
734
738
744
734
748
734
744
745
735
734
745
749
736
739
746
736
749
746
747
736
736
747
737
737
747
748
738
737
748
751
749
741
749
739
741
753
740
743
750
740
753
740
750
751
741
740
751
742
752
753
743
742
753
1165
840
745
1280
840
1165
1168
744
748
1164
744
1168
744
1164
1165
745
744
1165
1169
746
749
1166
746
1169
1166
1167
746
746
1167
747
747
1167
1168
748
747
1168
1171
1169
751
1169
749
751
1173
750
753
1170
750
1173
750
1170
1171
751
750
1171
752
1172
1173
753
752
1173
756
754
755
758
756
755
757
758
755
772
758
757
772
757
773
773
757
759
762
759
760
762
774
759
774
773
759
762
760
761
774
762
775
765
761
763
776
761
765
776
762
761
776
775
762
765
763
764
776
765
777
768
764
766
778
764
768
778
765
764
778
777
765
768
766
767
778
768
779
771
767
769
780
767
771
780
768
767
780
779
768
771
769
770
780
771
781
770
781
771
770
845
781
845
853
781
782
772
773
783
782
773
785
783
774
783
773
774
774
786
785
775
786
774
786
775
776
787
786
776
776
788
787
777
788
776
788
777
778
789
788
778
778
791
789
779
791
778
791
779
780
792
791
780
780
793
792
781
793
780
793
781
859
781
853
859
784
782
783
794
784
783
794
783
795
795
783
785
785
796
795
786
796
785
796
786
787
797
796
787
790
787
788
790
798
787
798
797
787
790
788
789
798
790
799
789
799
790
789
791
799
791
800
799
800
791
792
801
800
792
792
802
801
793
802
792
861
803
802
861
802
859
859
802
793
803
861
866
804
794
795
805
804
795
795
806
805
796
806
795
806
796
797
807
806
797
808
807
798
807
797
798
798
809
808
799
809
798
809
799
810
799
800
810
810
800
801
811
810
801
801
812
811
802
812
801
812
802
803
813
812
803
803
871
813
866
871
803
1222
804
805
1223
1222
805
805
1224
1223
806
1224
805
1224
806
807
1225
1224
807
1226
1225
808
1225
807
808
808
1227
1226
809
1227
808
1227
809
1228
809
810
1228
1228
810
811
1229
1228
811
811
1230
1229
812
1230
811
1230
812
813
1231
1230
813
813
1310
1231
871
1310
813
827
822
818
818
823
821
822
823
818
821
814
820
821
823
814
823
824
814
824
825
814
814
825
815
825
884
815
815
884
876
827
818
817
827
817
826
826
817
816
819
817
818
821
819
818
819
821
820
833
822
827
828
822
833
828
829
822
822
829
823
829
830
823
823
830
824
830
831
824
824
831
825
831
890
825
825
890
884
826
832
833
827
826
833
834
828
833
834
835
828
835
836
828
836
837
828
828
837
829
837
838
829
829
838
830
838
839
830
830
839
831
839
896
831
831
896
890
832
834
833
840
841
835
835
841
836
841
842
836
836
842
837
842
843
837
837
843
838
843
844
838
838
844
839
844
901
839
839
901
896
1280
1281
840
840
1281
841
1281
1282
841
841
1282
842
1282
1283
842
842
1283
843
1283
1284
843
843
1284
844
1284
1340
844
844
1340
901
848
854
853
848
853
846
846
853
845
850
848
846
847
850
846
850
847
849
854
848
855
855
850
856
848
850
855
849
856
850
849
851
856
851
857
856
857
851
858
851
852
858
858
852
914
852
908
914
859
853
854
860
859
854
854
862
860
855
862
854
862
855
863
855
856
863
863
856
864
856
857
864
864
857
865
857
858
865
865
858
920
858
914
920
861
859
860
860
866
861
860
862
866
862
867
866
867
862
868
862
863
868
868
863
869
863
864
869
869
864
870
864
865
870
870
865
926
865
920
926
871
866
872
866
867
872
872
867
873
867
868
873
873
868
874
868
869
874
874
869
875
869
870
875
875
870
931
870
926
931
1310
871
1311
871
872
1311
1311
872
1312
872
873
1312
1312
873
1313
873
874
1313
1313
874
1314
874
875
1314
1314
875
1369
875
931
1369
884
885
876
876
885
877
885
886
877
877
886
878
879
887
881
879
878
887
878
886
887
881
888
883
887
888
881
883
888
889
880
879
881
882
880
881
883
882
881
883
889
952
883
952
882
882
952
936
890
891
884
884
891
885
891
892
885
885
892
886
892
893
886
886
893
887
893
894
887
887
894
888
894
889
888
895
889
894
889
895
962
952
889
962
896
897
890
890
897
891
897
898
891
891
898
892
898
899
892
892
899
893
899
900
893
893
900
894
895
974
963
895
894
974
894
900
974
962
895
963
901
902
896
896
902
897
902
903
897
897
903
898
903
904
898
898
904
899
904
905
899
899
905
900
905
984
900
900
984
974
1340
1341
901
901
1341
902
1341
1342
902
902
1342
903
1342
1343
903
903
1343
904
1343
1344
904
904
1344
905
1344
1398
905
905
1398
984
912
911
906
913
912
906
907
913
906
919
913
907
919
907
1017
1017
907
1007
914
908
915
908
909
915
915
909
916
909
910
916
912
910
911
912
917
910
917
916
910
917
913
918
912
913
917
918
913
919
925
919
1017
1028
925
1017
920
914
921
914
915
921
921
915
922
915
916
922
922
916
923
916
917
923
923
917
924
917
918
924
918
925
924
919
925
918
1031
925
1028
926
920
927
920
921
927
927
921
928
921
922
928
928
922
929
922
923
929
929
923
930
923
924
930
1031
924
925
1031
1040
924
1040
930
924
931
926
932
926
927
932
932
927
933
927
928
933
933
928
934
928
929
934
934
929
935
929
930
935
935
930
1050
930
1040
1050
1369
931
1370
931
932
1370
1370
932
1371
932
933
1371
1371
933
1372
933
934
1372
1372
934
1373
934
935
1373
1373
935
1462
935
1050
1462
937
953
939
937
936
953
936
952
953
939
953
954
938
937
939
939
954
955
938
939
955
938
955
942
938
942
940
942
955
956
941
940
942
942
956
957
941
942
957
941
957
945
941
945
943
945
957
958
944
943
945
945
958
959
944
945
959
944
959
948
944
948
946
948
959
960
947
946
948
948
949
947
948
960
949
960
961
949
1058
1052
950
1058
950
961
961
950
949
1052
1054
951
950
1052
951
1053
951
1054
962
964
952
952
964
953
964
954
953
965
954
964
954
965
966
955
954
966
966
956
955
967
956
966
956
967
968
957
956
968
968
958
957
970
958
968
958
970
971
959
958
971
971
960
959
972
960
971
973
961
972
972
961
960
961
973
1064
1058
961
1064
963
974
975
963
975
976
963
976
962
962
976
964
976
965
964
977
965
976
965
977
978
966
965
978
967
979
969
967
966
979
966
978
979
969
979
980
968
967
969
969
970
968
969
980
970
980
981
970
970
981
982
971
970
982
982
972
971
983
972
982
1071
1065
973
1071
973
983
983
973
972
1064
973
1065
984
975
974
985
975
984
975
985
986
976
975
986
986
977
976
987
977
986
977
987
988
978
977
988
988
989
978
978
989
979
989
980
979
990
980
989
991
981
990
990
981
980
981
991
992
982
981
992
992
983
982
993
983
992
983
993
1078
1071
983
1078
1398
985
984
1399
985
1398
985
1399
1400
986
985
1400
1400
987
986
1401
987
1400
987
1401
1402
988
987
1402
1402
1403
988
988
1403
989
1403
990
989
1404
990
1403
1405
991
1404
1404
991
990
991
1405
1406
992
991
1406
1406
993
992
1407
993
1406
993
1407
1510
1078
993
1510
1088
994
1086
1088
1089
995
994
1088
995
1089
1093
1010
1089
1010
995
995
1010
997
1000
999
996
996
1012
1000
996
997
1012
997
1010
1012
1003
1002
998
998
999
1000
1003
998
1000
1003
1000
1011
1003
1011
1014
1011
1000
1012
1006
1005
1001
1001
1002
1003
1006
1001
1003
1006
1003
1013
1006
1013
1016
1013
1003
1014
1009
1008
1004
1004
1005
1006
1009
1004
1006
1009
1006
1015
1009
1015
1019
1015
1006
1016
1009
1007
1008
1009
1018
1007
1018
1017
1007
1018
1009
1019
1020
1010
1093
1098
1020
1093
1022
1012
1020
1020
1012
1010
1024
1014
1011
1021
1024
1011
1011
1022
1021
1012
1022
1011
1026
1016
1013
1023
1026
1013
1013
1024
1023
1014
1024
1013
1030
1019
1015
1025
1030
1015
1015
1026
1025
1016
1026
1015
1028
1017
1029
1017
1018
1029
1018
1030
1029
1019
1030
1018
1100
1020
1098
1100
1105
1033
1100
1033
1020
1020
1033
1022
1034
1024
1021
1032
1034
1021
1021
1033
1032
1022
1033
1021
1027
1026
1023
1023
1037
1027
1023
1024
1037
1024
1034
1037
1039
1030
1025
1035
1039
1025
1027
1025
1026
1027
1036
1025
1036
1035
1025
1036
1027
1037
1041
1031
1028
1041
1028
1038
1038
1028
1029
1029
1039
1038
1030
1039
1029
1040
1031
1041
1043
1033
1105
1111
1043
1105
1044
1034
1032
1042
1044
1032
1032
1043
1042
1033
1043
1032
1047
1037
1044
1044
1037
1034
1049
1039
1035
1045
1049
1035
1045
1035
1046
1035
1036
1046
1036
1047
1046
1037
1047
1036
1051
1041
1038
1048
1051
1038
1038
1049
1048
1039
1049
1038
1040
1051
1050
1041
1051
1040
1455
1043
1111
1550
1455
1111
1456
1044
1042
1454
1456
1042
1042
1455
1454
1043
1455
1042
1459
1047
1456
1456
1047
1044
1461
1049
1045
1457
1461
1045
1457
1045
1458
1045
1046
1458
1046
1459
1458
1047
1459
1046
1463
1051
1048
1460
1463
1048
1048
1461
1460
1049
1461
1048
1050
1463
1462
1051
1463
1050
1052
1058
1059
1060
1052
1059
1054
1052
1060
1054
1055
1053
1054
1060
1055
1060
1061
1055
1062
1056
1061
1061
1056
1055
1063
1057
1062
1062
1057
1056
1090
1085
1063
1063
1085
1057
1064
1059
1058
1066
1059
1064
1067
1060
1066
1066
1060
1059
1068
1061
1067
1067
1061
1060
1069
1062
1068
1068
1062
1061
1070
1063
1069
1069
1063
1062
1095
1090
1070
1070
1090
1063
1065
1071
1072
1065
1066
1064
1065
1072
1066
1072
1073
1066
1074
1067
1073
1073
1067
1066
1075
1068
1074
1074
1068
1067
1076
1069
1075
1075
1069
1068
1077
1070
1076
1076
1070
1069
1101
1095
1077
1077
1095
1070
1078
1072
1071
1079
1072
1078
1080
1073
1079
1079
1073
1072
1081
1074
1080
1080
1074
1073
1082
1075
1081
1081
1075
1074
1083
1076
1082
1082
1076
1075
1084
1077
1083
1083
1077
1076
1107
1101
1084
1084
1101
1077
1510
1079
1078
1511
1079
1510
1512
1080
1511
1511
1080
1079
1513
1081
1512
1512
1081
1080
1514
1082
1513
1513
1082
1081
1515
1083
1514
1514
1083
1082
1516
1084
1515
1515
1084
1083
1546
1107
1516
1516
1107
1084
1091
1087
1090
1090
1087
1085
1086
1092
1088
1086
1087
1092
1087
1091
1092
1094
1088
1092
1089
1088
1094
1093
1089
1094
1096
1091
1095
1095
1091
1090
1097
1092
1096
1096
1092
1091
1099
1094
1097
1097
1094
1092
1093
1099
1098
1094
1099
1093
1102
1096
1101
1101
1096
1095
1103
1097
1102
1102
1097
1096
1104
1099
1103
1103
1099
1097
1098
1106
1100
1098
1099
1106
1099
1104
1106
1105
1100
1106
1108
1102
1107
1107
1102
1101
1109
1103
1108
1108
1103
1102
1110
1104
1109
1109
1104
1103
1112
1106
1110
1110
1106
1104
1105
1112
1111
1106
1112
1105
1547
1108
1546
1546
1108
1107
1548
1109
1547
1547
1109
1108
1549
1110
1548
1548
1110
1109
1551
1112
1549
1549
1112
1110
1111
1551
1550
1112
1551
1111
1119
1172
1113
1182
1172
1119
1120
1119
1114
1119
1113
1114
1121
1120
1115
1120
1114
1115
1122
1121
1116
1121
1115
1116
1123
1122
1117
1122
1116
1117
1124
1123
1118
1123
1117
1118
1146
1124
1141
1124
1118
1141
1125
1182
1119
1193
1182
1125
1126
1125
1120
1125
1119
1120
1127
1126
1121
1126
1120
1121
1128
1127
1122
1127
1121
1122
1129
1128
1123
1128
1122
1123
1130
1129
1124
1129
1123
1124
1151
1130
1146
1130
1124
1146
1195
1193
1125
1195
1131
1204
1195
1125
1131
1125
1126
1131
1132
1131
1127
1131
1126
1127
1133
1132
1128
1132
1127
1128
1134
1133
1129
1133
1128
1129
1135
1134
1130
1134
1129
1130
1156
1135
1151
1135
1130
1151
1136
1204
1131
1218
1204
1136
1137
1136
1132
1136
1131
1132
1138
1137
1133
1137
1132
1133
1139
1138
1134
1138
1133
1134
1140
1139
1135
1139
1134
1135
1160
1140
1156
1140
1135
1156
1220
1218
1136
1220
1137
1221
1136
1137
1220
1221
1577
1593
1221
1137
1577
1137
1138
1577
1578
1577
1139
1577
1138
1139
1579
1578
1140
1578
1139
1140
1580
1579
1160
1579
1140
1160
1147
1146
1142
1146
1141
1142
1148
1147
1143
1147
1142
1143
1149
1148
1144
1148
1143
1144
1150
1149
1145
1149
1144
1145
1145
1232
1150
1222
1232
1145
1152
1151
1147
1151
1146
1147
1153
1152
1148
1152
1147
1148
1154
1153
1149
1153
1148
1149
1155
1154
1150
1154
1149
1150
1150
1242
1155
1232
1242
1150
1157
1156
1152
1156
1151
1152
1158
1157
1153
1157
1152
1153
1159
1158
1154
1158
1153
1154
1254
1155
1243
1254
1159
1155
1159
1154
1155
1242
1243
1155
1161
1160
1157
1160
1156
1157
1162
1161
1158
1161
1157
1158
1163
1162
1159
1162
1158
1159
1159
1265
1163
1254
1265
1159
1581
1580
1161
1580
1160
1161
1669
1162
1264
1669
1581
1162
1581
1161
1162
1264
1163
1266
1162
1163
1264
1265
1266
1163
1175
1280
1165
1285
1280
1175
1178
1164
1168
1174
1164
1178
1164
1174
1175
1165
1164
1175
1179
1166
1169
1176
1166
1179
1176
1177
1166
1166
1177
1167
1167
1177
1178
1168
1167
1178
1181
1179
1171
1179
1169
1171
1183
1170
1173
1180
1170
1183
1170
1180
1181
1171
1170
1181
1172
1182
1183
1173
1172
1183
1185
1285
1175
1290
1285
1185
1188
1174
1178
1184
1174
1188
1174
1184
1185
1175
1174
1185
1189
1176
1179
1186
1176
1189
1186
1187
1176
1176
1187
1177
1177
1187
1188
1178
1177
1188
1192
1189
1181
1189
1179
1181
1194
1180
1183
1191
1180
1194
1180
1191
1192
1181
1180
1192
1182
1193
1194
1183
1182
1194
1295
1290
1185
1198
1184
1188
1196
1184
1198
1295
1185
1184
1295
1184
1300
1300
1184
1196
1190
1186
1189
1200
1186
1190
1200
1197
1186
1197
1187
1186
1187
1197
1198
1188
1187
1198
1190
1202
1199
1190
1189
1202
1189
1192
1202
1199
1200
1190
1203
1191
1194
1201
1191
1203
1191
1201
1202
1192
1191
1202
1193
1195
1205
1193
1205
1194
1194
1205
1203
1204
1205
1195
1208
1196
1198
1206
1196
1208
1206
1306
1196
1196
1306
1300
1211
1197
1200
1207
1197
1211
1197
1207
1208
1198
1197
1208
1214
1199
1202
1210
1199
1214
1199
1210
1211
1200
1199
1211
1216
1201
1203
1213
1201
1216
1201
1213
1214
1202
1201
1214
1219
1216
1205
1216
1203
1205
1204
1218
1219
1205
1204
1219
1209
1206
1208
1583
1206
1209
1583
1747
1206
1747
1306
1206
1212
1207
1211
1207
1209
1208
1212
1209
1207
1212
1582
1209
1212
1585
1582
1582
1583
1209
1215
1210
1214
1210
1212
1211
1215
1212
1210
1215
1584
1212
1215
1587
1584
1584
1585
1212
1217
1213
1216
1213
1215
1214
1217
1215
1213
1217
1586
1215
1217
1589
1586
1586
1587
1215
1217
1590
1588
1217
1216
1590
1216
1219
1590
1588
1589
1217
1218
1220
1592
1218
1592
1219
1219
1592
1590
1594
1592
1220
1221
1594
1220
1593
1594
1221
1232
1222
1223
1233
1232
1223
1223
1234
1233
1224
1234
1223
1234
1224
1225
1235
1234
1225
1236
1235
1226
1235
1225
1226
1226
1237
1236
1227
1237
1226
1237
1227
1238
1227
1228
1238
1238
1228
1229
1239
1238
1229
1229
1240
1239
1230
1240
1229
1240
1230
1231
1241
1240
1231
1231
1315
1241
1310
1315
1231
1242
1232
1233
1244
1242
1233
1233
1245
1244
1234
1245
1233
1245
1234
1235
1246
1245
1235
1247
1246
1236
1246
1235
1236
1236
1248
1247
1237
1248
1236
1248
1237
1250
1237
1238
1250
1250
1238
1239
1251
1250
1239
1239
1252
1251
1240
1252
1239
1252
1240
1241
1253
1252
1241
1241
1320
1253
1315
1320
1241
1243
1255
1254
1243
1242
1244
1243
1244
1255
1255
1244
1256
1244
1257
1256
1245
1257
1244
1257
1245
1246
1258
1257
1246
1259
1247
1249
1259
1258
1247
1258
1246
1247
1249
1260
1259
1248
1249
1247
1249
1261
1260
1249
1248
1261
1248
1250
1261
1261
1250
1251
1262
1261
1251
1251
1263
1262
1252
1263
1251
1253
1321
1326
1253
1326
1252
1252
1326
1263
1320
1321
1253
1265
1254
1255
1267
1265
1255
1268
1267
1256
1267
1255
1256
1256
1269
1268
1257
1269
1256
1269
1257
1258
1271
1269
1258
1258
1272
1271
1259
1272
1258
1272
1259
1260
1274
1272
1260
1260
1275
1274
1261
1275
1260
1275
1261
1262
1277
1275
1262
1262
1278
1277
1263
1278
1262
1278
1263
1332
1263
1326
1332
1264
1671
1669
1672
1671
1264
1266
1672
1264
1266
1265
1267
1266
1267
1672
1672
1267
1673
1674
1268
1270
1674
1673
1268
1673
1267
1268
1270
1676
1674
1269
1270
1268
1270
1677
1676
1269
1677
1270
1269
1273
1677
1269
1271
1273
1273
1678
1677
1272
1273
1271
1273
1679
1678
1272
1679
1273
1272
1276
1679
1272
1274
1276
1276
1680
1679
1275
1276
1274
1276
1681
1680
1275
1681
1276
1275
1279
1681
1275
1277
1279
1279
1682
1681
1278
1279
1277
1279
1803
1682
1279
1278
1803
1278
1332
1803
1285
1286
1280
1280
1286
1281
1286
1287
1281
1281
1287
1282
1287
1288
1282
1282
1288
1283
1288
1289
1283
1283
1289
1284
1289
1345
1284
1284
1345
1340
1290
1291
1285
1285
1291
1286
1291
1292
1286
1286
1292
1287
1292
1293
1287
1287
1293
1288
1293
1294
1288
1288
1294
1289
1294
1350
1289
1289
1350
1345
1301
1290
1295
1301
1296
1290
1296
1291
1290
1296
1297
1291
1291
1297
1292
1297
1298
1292
1292
1298
1293
1298
1299
1293
1293
1299
1294
1299
1355
1294
1294
1355
1350
1300
1301
1295
1307
1296
1301
1302
1296
1307
1302
1303
1296
1296
1303
1297
1303
1304
1297
1297
1304
1298
1304
1305
1298
1298
1305
1299
1305
1361
1299
1299
1361
1355
1300
1306
1307
1301
1300
1307
1308
1302
1307
1309
1302
1308
1303
1302
1309
1750
1303
1309
1750
1745
1303
1745
1304
1303
1745
1746
1304
1304
1746
1305
1746
1861
1305
1305
1861
1361
1308
1307
1306
1308
1306
1748
1748
1306
1747
1748
1749
1309
1308
1748
1309
1749
1750
1309
1315
1310
1316
1310
1311
1316
1316
1311
1317
1311
1312
1317
1317
1312
1318
1312
1313
1318
1318
1313
1319
1313
1314
1319
1319
1314
1374
1314
1369
1374
1320
1315
1322
1315
1316
1322
1322
1316
1323
1316
1317
1323
1323
1317
1324
1317
1318
1324
1324
1318
1325
1318
1319
1325
1325
1319
1379
1319
1374
1379
1321
1327
1326
1321
1328
1327
1321
1320
1328
1320
1322
1328
1328
1322
1329
1322
1323
1329
1329
1323
1330
1323
1324
1330
1330
1324
1331
1324
1325
1331
1331
1325
1384
1325
1379
1384
1332
1326
1327
1333
1332
1327
1327
1334
1333
1328
1334
1327
1334
1328
1336
1328
1329
1336
1336
1329
1338
1329
1330
1338
1338
1330
1339
1330
1331
1339
1339
1331
1390
1331
1384
1390
1333
1335
1805
1333
1805
1332
1332
1805
1803
1335
1337
1806
1805
1335
1806
1337
1807
1806
1334
1335
1333
1336
1335
1334
1337
1335
1336
1337
1808
1807
1337
1336
1808
1336
1338
1808
1808
1338
1810
1338
1339
1810
1810
1339
1919
1339
1390
1919
1345
1346
1340
1340
1346
1341
1346
1347
1341
1341
1347
1342
1347
1348
1342
1342
1348
1343
1348
1349
1343
1343
1349
1344
1349
1408
1344
1344
1408
1398
1350
1351
1345
1345
1351
1346
1351
1352
1346
1346
1352
1347
1352
1353
1347
1347
1353
1348
1353
1354
1348
1348
1354
1349
1354
1418
1349
1349
1418
1408
1355
1356
1350
1350
1356
1351
1356
1357
1351
1351
1357
1352
1357
1358
1352
1352
1358
1353
1358
1359
1353
1353
1359
1354
1420
1359
1360
1420
1418
1359
1418
1354
1359
1360
1430
1420
1361
1362
1355
1355
1362
1356
1362
1363
1356
1356
1363
1357
1363
1364
1357
1357
1364
1358
1364
1365
1358
1358
1365
1359
1365
1360
1359
1367
1360
1365
1360
1367
1440
1430
1360
1440
1861
1862
1361
1361
1862
1362
1862
1863
1362
1362
1863
1363
1366
1863
1866
1366
1364
1863
1364
1363
1863
1368
1364
1366
1365
1364
1368
1368
1367
1365
1866
1868
1366
1868
1869
1368
1366
1868
1368
1367
1368
1869
1367
1869
1440
1440
1869
1973
1374
1369
1375
1369
1370
1375
1375
1370
1376
1370
1371
1376
1376
1371
1377
1371
1372
1377
1377
1372
1378
1372
1373
1378
1378
1373
1472
1373
1462
1472
1379
1374
1380
1374
1375
1380
1380
1375
1381
1375
1376
1381
1381
1376
1382
1376
1377
1382
1382
1377
1383
1377
1378
1383
1383
1378
1483
1378
1472
1483
1389
1485
1493
1384
1379
1385
1379
1380
1385
1385
1380
1386
1380
1381
1386
1386
1381
1387
1381
1382
1387
1387
1382
1388
1382
1383
1388
1389
1483
1485
1389
1388
1483
1388
1383
1483
1396
1389
1493
1506
1396
1493
1390
1384
1391
1384
1385
1391
1391
1385
1392
1385
1386
1392
1392
1386
1393
1386
1387
1393
1393
1387
1395
1387
1388
1395
1388
1396
1395
1389
1396
1388
1924
1394
1917
1394
1397
1918
1917
1394
1918
1397
1396
1506
1397
1506
1918
1918
1506
2078
1919
1390
1921
1390
1391
1921
1921
1391
1923
1391
1392
1923
1924
1393
1394
1924
1923
1393
1923
1392
1393
1395
1394
1393
1397
1394
1395
1395
1396
1397
1408
1399
1398
1409
1399
1408
1399
1409
1410
1400
1399
1410
1410
1401
1400
1411
1401
1410
1401
1411
1412
1402
1401
1412
1412
1413
1402
1402
1413
1403
1413
1404
1403
1414
1404
1413
1415
1405
1414
1414
1405
1404
1405
1415
1416
1406
1405
1416
1416
1407
1406
1417
1407
1416
1407
1417
1517
1510
1407
1517
1418
1409
1408
1419
1409
1418
1409
1419
1421
1410
1409
1421
1421
1411
1410
1422
1411
1421
1411
1422
1423
1412
1411
1423
1423
1424
1412
1412
1424
1413
1424
1414
1413
1425
1414
1424
1427
1415
1425
1425
1415
1414
1415
1427
1428
1416
1415
1428
1428
1417
1416
1429
1417
1428
1417
1429
1524
1517
1417
1524
1420
1419
1418
1419
1420
1430
1419
1430
1421
1421
1430
1431
1431
1422
1421
1432
1422
1431
1422
1432
1433
1423
1422
1433
1426
1433
1434
1426
1424
1433
1424
1423
1433
1426
1425
1424
1434
1435
1426
1435
1425
1426
1435
1436
1425
1436
1427
1425
1427
1436
1437
1428
1427
1437
1437
1429
1428
1438
1429
1437
1526
1524
1429
1526
1429
1439
1439
1429
1438
1439
1532
1526
1440
1441
1430
1430
1441
1431
1441
1432
1431
1442
1432
1441
1432
1442
1444
1433
1432
1444
1444
1434
1433
1445
1434
1444
1434
1445
1447
1435
1434
1447
1447
1436
1435
1448
1436
1447
1436
1448
1450
1437
1436
1450
1450
1438
1437
1451
1438
1450
1453
1439
1451
1451
1439
1438
1439
1453
1538
1532
1439
1538
1443
1973
1974
1443
1441
1973
1441
1440
1973
1443
1442
1441
1974
1976
1443
1446
1444
1442
1977
1446
1442
1977
1442
1443
1977
1443
1976
1446
1445
1444
1977
1978
1446
1449
1447
1445
1979
1449
1445
1979
1445
1446
1979
1446
1978
1449
1448
1447
1979
1980
1449
1452
1450
1448
1981
1452
1448
1981
1448
1449
1981
1449
1980
1452
1451
1450
1981
1982
1452
1982
1451
1452
1982
1983
1451
1983
1453
1451
1540
1538
1453
1540
1453
1985
1985
1453
1983
1985
1986
1542
1540
1985
1542
1986
2153
1542
1465
1455
1550
1556
1465
1550
1466
1456
1454
1464
1466
1454
1454
1465
1464
1455
1465
1454
1469
1459
1466
1466
1459
1456
1471
1461
1457
1467
1471
1457
1467
1457
1468
1457
1458
1468
1458
1469
1468
1459
1469
1458
1473
1463
1460
1470
1473
1460
1460
1471
1470
1461
1471
1460
1462
1473
1472
1463
1473
1462
1475
1465
1556
1562
1475
1556
1476
1466
1464
1474
1476
1464
1464
1475
1474
1465
1475
1464
1479
1469
1476
1476
1469
1466
1482
1471
1467
1477
1482
1467
1477
1467
1478
1467
1468
1478
1468
1479
1478
1469
1479
1468
1484
1473
1470
1481
1484
1470
1470
1482
1481
1471
1482
1470
1472
1484
1483
1473
1484
1472
1486
1564
1568
1562
1564
1486
1562
1486
1475
1475
1486
1488
1490
1476
1474
1487
1490
1474
1474
1488
1487
1475
1488
1474
1492
1480
1489
1480
1490
1489
1480
1479
1490
1479
1476
1490
1495
1482
1477
1491
1495
1477
1492
1478
1480
1492
1491
1478
1491
1477
1478
1478
1479
1480
1485
1484
1481
1485
1481
1493
1493
1481
1494
1481
1495
1494
1482
1495
1481
1483
1484
1485
1496
1486
1568
1574
1496
1568
1498
1488
1496
1496
1488
1486
1501
1490
1487
1497
1501
1487
1487
1498
1497
1488
1498
1487
1504
1492
1489
1500
1504
1489
1489
1501
1500
1490
1501
1489
1508
1495
1491
1503
1508
1491
1491
1504
1503
1492
1504
1491
1506
1493
1507
1493
1494
1507
1494
1508
1507
1495
1508
1494
2067
1573
2162
2067
2068
1576
1573
2067
1576
1574
1576
2068
1574
2068
1496
1496
2068
2070
2073
1499
2069
1499
2070
2069
1499
1498
2070
1498
1496
2070
2075
1502
2072
2073
1497
1499
2072
1497
2073
2072
1501
1497
2072
1502
1501
1497
1498
1499
2077
1505
2074
2075
1500
1502
2074
1500
2075
2074
1504
1500
2074
1505
1504
1500
1501
1502
2079
1509
2076
2077
1503
1505
2076
1503
2077
2076
1508
1503
2076
1509
1508
1503
1504
1505
2079
1507
1509
2079
2078
1507
2078
1506
1507
1507
1508
1509
1517
1511
1510
1518
1511
1517
1519
1512
1518
1518
1512
1511
1520
1513
1519
1519
1513
1512
1521
1514
1520
1520
1514
1513
1522
1515
1521
1521
1515
1514
1523
1516
1522
1522
1516
1515
1552
1546
1523
1523
1546
1516
1524
1518
1517
1525
1518
1524
1527
1519
1525
1525
1519
1518
1528
1520
1527
1527
1520
1519
1529
1521
1528
1528
1521
1520
1530
1522
1529
1529
1522
1521
1531
1523
1530
1530
1523
1522
1558
1552
1531
1531
1552
1523
1526
1525
1524
1532
1525
1526
1532
1533
1525
1533
1527
1525
1534
1528
1533
1533
1528
1527
1535
1529
1534
1534
1529
1528
1536
1530
1535
1535
1530
1529
1537
1531
1536
1536
1531
1530
1565
1558
1537
1537
1558
1531
1538
1533
1532
1539
1533
1538
1541
1534
1539
1539
1534
1533
1543
1535
1541
1541
1535
1534
1544
1536
1543
1543
1536
1535
1545
1537
1544
1544
1537
1536
1570
1565
1545
1545
1565
1537
1540
1539
1538
1542
1539
1540
1541
1539
1542
2153
1541
1542
2153
2154
1541
2154
1543
1541
2156
1544
2154
2154
1544
1543
2158
1545
2156
2156
1545
1544
2160
1570
2158
2158
1570
1545
1553
1547
1552
1552
1547
1546
1554
1548
1553
1553
1548
1547
1555
1549
1554
1554
1549
1548
1557
1551
1555
1555
1551
1549
1550
1557
1556
1551
1557
1550
1559
1553
1558
1558
1553
1552
1560
1554
1559
1559
1554
1553
1561
1555
1560
1560
1555
1554
1563
1557
1561
1561
1557
1555
1556
1563
1562
1557
1563
1556
1566
1559
1565
1565
1559
1558
1567
1560
1566
1566
1560
1559
1569
1561
1567
1567
1561
1560
1564
1569
1568
1564
1563
1569
1563
1561
1569
1562
1563
1564
1571
1566
1570
1570
1566
1565
1572
1567
1571
1571
1567
1566
1575
1569
1572
1572
1569
1567
1568
1575
1574
1569
1575
1568
2163
1571
2160
2160
1571
1570
1573
2163
2162
1573
1572
2163
1572
1571
2163
1576
1572
1573
1575
1572
1576
1574
1575
1576
1595
1593
1577
1595
1578
1596
1577
1578
1595
1596
1579
1597
1578
1579
1596
1597
1580
1668
1579
1580
1597
1668
1581
1670
1580
1581
1668
1669
1670
1581
1753
1747
1583
1600
1582
1585
1598
1582
1600
1753
1583
1582
1753
1582
1758
1758
1582
1598
1603
1584
1587
1599
1584
1603
1584
1599
1600
1585
1584
1600
1605
1586
1589
1602
1586
1605
1586
1602
1603
1587
1586
1603
1591
1588
1590
1588
1591
1608
1588
1608
1589
1589
1608
1605
1591
1610
1607
1591
1590
1610
1590
1592
1610
1607
1608
1591
1612
1610
1594
1610
1592
1594
1593
1595
1614
1593
1614
1594
1594
1614
1612
1616
1614
1595
1596
1616
1595
1618
1616
1596
1597
1618
1596
1683
1618
1597
1668
1683
1597
1601
1598
1600
1764
1598
1601
1758
1598
1764
1604
1599
1603
1599
1601
1600
1604
1601
1599
1604
1620
1601
1604
1622
1620
1620
1769
1764
1601
1620
1764
1606
1602
1605
1602
1604
1603
1606
1604
1602
1606
1621
1604
1606
1624
1621
1621
1622
1604
1606
1608
1609
1605
1608
1606
1627
1624
1606
1609
1627
1606
1611
1607
1610
1607
1609
1608
1611
1609
1607
1611
1626
1609
1611
1629
1626
1626
1627
1609
1611
1612
1613
1610
1612
1611
1631
1629
1611
1613
1631
1611
1613
1614
1615
1612
1614
1613
1633
1631
1613
1615
1633
1613
1615
1616
1617
1614
1616
1615
1634
1633
1615
1617
1634
1615
1617
1618
1619
1616
1618
1617
1635
1634
1617
1619
1635
1617
1619
1683
1684
1618
1683
1619
1703
1635
1619
1684
1703
1619
1623
1620
1622
1773
1620
1623
1769
1620
1773
1625
1621
1624
1621
1623
1622
1625
1623
1621
1625
1636
1623
1625
1637
1636
1636
1781
1773
1623
1636
1773
1625
1627
1628
1624
1627
1625
1640
1637
1625
1628
1640
1625
1630
1626
1629
1626
1628
1627
1630
1628
1626
1630
1639
1628
1630
1642
1639
1639
1640
1628
1630
1631
1632
1629
1631
1630
1645
1642
1630
1632
1645
1630
1632
1647
1644
1632
1631
1647
1631
1633
1647
1644
1645
1632
1650
1647
1634
1647
1633
1634
1653
1650
1635
1650
1634
1635
1718
1653
1703
1653
1635
1703
1638
1636
1637
1787
1636
1638
1781
1636
1787
1638
1640
1641
1637
1640
1638
1657
1792
1787
1657
1787
1641
1641
1787
1638
1643
1639
1642
1639
1641
1640
1643
1641
1639
1643
1656
1641
1643
1658
1656
1656
1657
1641
1643
1645
1646
1642
1645
1643
1660
1658
1643
1646
1660
1643
1648
1644
1647
1644
1646
1645
1644
1648
1646
1648
1649
1646
1662
1660
1646
1649
1662
1646
1648
1650
1651
1647
1650
1648
1651
1652
1648
1652
1649
1648
1664
1662
1649
1652
1664
1649
1651
1653
1654
1650
1653
1651
1654
1655
1651
1655
1652
1651
1666
1664
1652
1655
1666
1652
1654
1718
1719
1653
1718
1654
1719
1720
1654
1720
1655
1654
1735
1666
1655
1720
1735
1655
1798
1792
1657
1659
1656
1658
1656
1798
1657
1656
1659
1798
1659
1801
1798
1659
1660
1661
1658
1660
1659
1661
1802
1659
1802
1801
1659
1661
1662
1663
1660
1662
1661
2165
2182
1802
2165
1802
1663
1663
1802
1661
1663
1664
1665
1662
1664
1663
2166
2165
1663
1665
2166
1663
1665
1666
1667
1664
1666
1665
2167
2166
1665
1667
2167
1665
1667
1735
1736
1666
1735
1667
2168
2167
1667
1736
2168
1667
1685
1683
1668
1670
1685
1668
1670
1669
1671
1670
1671
1685
1685
1671
1687
1689
1687
1672
1687
1671
1672
1690
1673
1675
1690
1689
1673
1689
1672
1673
1675
1692
1690
1674
1675
1673
1675
1674
1676
1675
1676
1692
1692
1676
1694
1676
1695
1694
1677
1695
1676
1695
1677
1678
1697
1695
1678
1678
1698
1697
1679
1698
1678
1698
1679
1680
1700
1698
1680
1680
1701
1700
1681
1701
1680
1682
1804
1812
1682
1812
1681
1681
1812
1701
1803
1804
1682
1684
1685
1686
1683
1685
1684
1704
1703
1684
1686
1704
1684
1686
1687
1688
1685
1687
1686
1705
1704
1686
1688
1705
1686
1688
1689
1691
1687
1689
1688
1707
1705
1688
1691
1707
1688
1690
1691
1689
1691
1708
1707
1690
1708
1691
1690
1693
1708
1690
1692
1693
1693
1710
1708
1693
1694
1696
1692
1694
1693
1712
1710
1693
1696
1712
1693
1695
1696
1694
1696
1713
1712
1695
1713
1696
1695
1699
1713
1695
1697
1699
1699
1715
1713
1698
1699
1697
1699
1716
1715
1698
1716
1699
1698
1702
1716
1698
1700
1702
1702
1813
1823
1716
1702
1823
1701
1702
1700
1812
1702
1701
1813
1702
1812
1721
1718
1704
1718
1703
1704
1722
1705
1706
1722
1721
1705
1721
1704
1705
1706
1725
1722
1706
1707
1709
1705
1707
1706
1727
1725
1706
1709
1727
1706
1708
1709
1707
1709
1728
1727
1708
1728
1709
1708
1711
1728
1708
1710
1711
1711
1730
1728
1711
1712
1714
1710
1712
1711
1732
1730
1711
1714
1732
1711
1713
1714
1712
1714
1733
1732
1713
1733
1714
1713
1717
1733
1713
1715
1717
1717
1824
1832
1733
1717
1832
1716
1717
1715
1823
1717
1716
1824
1717
1823
1719
1721
1723
1718
1721
1719
1723
1724
1719
1724
1720
1719
1737
1735
1720
1724
1737
1720
1722
1723
1721
1725
1723
1722
1725
1726
1723
1726
1724
1723
1739
1737
1724
1726
1739
1724
1726
1727
1729
1725
1727
1726
1741
1739
1726
1729
1741
1726
1728
1729
1727
1729
1742
1741
1728
1742
1729
1728
1731
1742
1728
1730
1731
1731
1744
1742
1731
1732
1734
1730
1732
1731
1848
1744
1731
1848
1731
1833
1833
1731
1734
1733
1734
1732
1832
1734
1733
1833
1734
1832
1736
1737
1738
1735
1737
1736
2169
2168
1736
1738
2169
1736
1738
1739
1740
1737
1739
1738
2208
2169
1738
2208
1738
1846
1846
1738
1740
1740
1741
1743
1739
1741
1740
1743
1847
1740
1847
1846
1740
1742
1743
1741
1744
1743
1742
1744
1849
1743
1849
1847
1743
1848
1849
1744
1751
1745
1750
1752
1745
1751
1746
1745
1752
1864
1746
1752
1861
1746
1864
1759
1747
1753
1759
1754
1747
1754
1748
1747
1754
1755
1748
1748
1755
1749
1751
1750
1749
1751
1749
1756
1756
1749
1755
1756
1757
1752
1751
1756
1752
1757
1870
1864
1752
1757
1864
1758
1759
1753
1760
1754
1759
1761
1754
1760
1755
1754
1761
1762
1755
1761
1756
1755
1762
1763
1756
1762
1757
1756
1763
1875
1757
1763
1870
1757
1875
1758
1760
1759
1764
1760
1758
1764
1765
1760
1764
1770
1765
1765
1766
1761
1760
1765
1761
1766
1767
1762
1761
1766
1762
1767
1768
1763
1762
1767
1763
1768
1881
1875
1763
1768
1875
1769
1770
1764
1771
1765
1770
1772
1765
1771
1766
1765
1772
1778
1766
1772
1778
1774
1766
1774
1767
1766
1774
1775
1767
1767
1775
1768
1775
1889
1768
1768
1889
1881
1769
1771
1770
1773
1771
1769
1773
1776
1771
1773
1782
1776
1776
1777
1772
1771
1776
1772
1777
1778
1772
1781
1782
1773
1779
1774
1778
1780
1774
1779
1775
1774
1780
1892
1775
1780
1889
1775
1892
1783
1776
1782
1784
1776
1783
1777
1776
1784
1777
1779
1778
1777
1784
1779
1784
1785
1779
1785
1786
1779
1786
1780
1779
1786
1898
1780
1898
1892
1780
1781
1783
1782
1787
1783
1781
1787
1788
1783
1787
1793
1788
1788
1789
1784
1783
1788
1784
1789
1790
1785
1784
1789
1785
1790
1791
1786
1785
1790
1786
1791
1904
1898
1786
1791
1898
1792
1793
1787
1794
1788
1793
1795
1788
1794
1789
1788
1795
1796
1789
1795
1790
1789
1796
1797
1790
1796
1791
1790
1797
1909
1791
1797
1904
1791
1909
1792
1794
1793
1792
1798
1794
1798
1799
1794
1799
1800
1794
1800
1795
1794
2174
2170
1796
2174
1796
1800
1800
1796
1795
2170
2171
1797
1796
2170
1797
2171
2231
1909
1797
2171
1909
2177
2172
1799
2177
1799
1801
1801
1799
1798
2172
2173
1800
1799
2172
1800
2173
2174
1800
2183
2177
1801
1802
2183
1801
2182
2183
1802
1804
1814
1812
1804
1815
1814
1804
1803
1815
1803
1805
1815
1815
1805
1817
1805
1806
1817
1807
1809
1819
1807
1819
1806
1806
1819
1817
1809
1811
1821
1819
1809
1821
1811
1920
1926
1821
1811
1926
1808
1809
1807
1810
1809
1808
1811
1809
1810
1919
1811
1810
1920
1811
1919
1813
1825
1823
1813
1826
1825
1812
1826
1813
1812
1816
1826
1812
1814
1816
1816
1818
1828
1826
1816
1828
1818
1820
1830
1828
1818
1830
1820
1822
1831
1830
1820
1831
1822
1927
1937
1831
1822
1937
1815
1816
1814
1817
1816
1815
1818
1816
1817
1819
1818
1817
1820
1818
1819
1821
1820
1819
1822
1820
1821
1926
1822
1821
1927
1822
1926
1824
1834
1832
1824
1835
1834
1823
1835
1824
1823
1827
1835
1823
1825
1827
1827
1829
1837
1835
1827
1837
1829
1841
1837
1826
1827
1825
1828
1827
1826
1829
1827
1828
1829
1842
1841
1829
1828
1842
1828
1830
1842
1842
1830
1844
1830
1831
1844
1844
1831
1953
1831
1937
1953
1833
1852
1848
1833
1853
1852
1832
1853
1833
1832
1836
1853
1832
1834
1836
1836
1838
1855
1853
1836
1855
1838
1839
1857
1855
1838
1857
1839
1840
1859
1857
1839
1859
1840
1945
1962
1859
1840
1962
1835
1836
1834
1837
1836
1835
1838
1836
1837
1841
1838
1837
1841
1843
1838
1843
1839
1838
1843
1845
1839
1845
1840
1839
1845
1954
1840
1954
1945
1840
1842
1843
1841
1844
1843
1842
1845
1843
1844
1953
1845
1844
1954
1845
1953
1846
2214
2208
2219
2214
1846
1847
2219
1846
2220
2219
1847
2220
1847
1850
1850
1847
1849
1850
1851
2222
2220
1850
2222
1851
2226
2222
1852
1849
1848
1852
1854
1849
1854
1850
1849
1854
1856
1850
1856
1851
1850
2227
2226
1851
2227
1851
1858
1858
1851
1856
1858
1860
2229
2227
1858
2229
1860
1963
2291
2229
1860
2291
1853
1854
1852
1855
1854
1853
1856
1854
1855
1857
1856
1855
1858
1856
1857
1859
1858
1857
1860
1858
1859
1962
1860
1859
1963
1860
1962
1865
1861
1864
1862
1861
1865
1867
1862
1865
1863
1862
1867
1867
1866
1863
1870
1871
1865
1864
1870
1865
1871
1872
1867
1865
1871
1867
1866
1867
1872
1866
1872
1868
1868
1872
1873
1873
1874
1868
1868
1874
1869
1975
1874
1879
1975
1973
1874
1973
1869
1874
1879
1987
1975
1876
1870
1875
1871
1870
1876
1877
1871
1876
1872
1871
1877
1878
1872
1877
1873
1872
1878
1880
1873
1878
1874
1873
1880
1880
1879
1874
1881
1882
1876
1875
1881
1876
1882
1883
1877
1876
1882
1877
1883
1884
1878
1877
1883
1878
1884
1885
1880
1878
1884
1880
1989
1987
1879
1887
1989
1879
1887
1879
1880
1887
1880
1885
1887
2011
1989
1889
1890
1881
1881
1890
1882
1890
1891
1882
1882
1891
1883
1886
1891
1894
1886
1884
1891
1884
1883
1891
1888
1884
1886
1885
1884
1888
1888
1887
1885
1894
1896
1886
1896
1897
1888
1886
1896
1888
2013
2011
1887
1902
2013
1887
1902
1887
1888
1902
1888
1897
1902
2029
2013
1893
1889
1892
1890
1889
1893
1895
1890
1893
1891
1890
1895
1895
1894
1891
1898
1899
1892
1899
1893
1892
1899
1900
1893
1900
1895
1893
1894
1901
1896
1894
1895
1901
1895
1900
1901
1903
1896
1901
1897
1896
1903
1903
1902
1897
1904
1905
1899
1898
1904
1899
1905
1906
1900
1899
1905
1900
1906
1907
1901
1900
1906
1901
1907
1908
1903
1901
1907
1903
2031
2029
1902
1913
2031
1902
1913
1902
1903
1913
1903
1908
1913
2051
2031
1910
1904
1909
1905
1904
1910
1911
1905
1910
1906
1905
1911
1912
1906
1911
1907
1906
1912
1914
1907
1912
1908
1907
1914
1914
1913
1908
2231
2232
1910
1909
2231
1910
2232
2233
1911
1910
2232
1911
2233
2236
1915
2233
1915
1911
1911
1915
1912
1915
1916
1912
1916
1914
1912
1913
2053
2051
1913
1914
2053
1914
1916
2053
2236
2238
1915
2238
2239
1916
1915
2238
1916
2239
2244
2055
2239
2055
1916
1916
2055
2053
2244
2250
2058
2055
2244
2058
2250
2298
2058
1935
2080
2098
1920
1922
1928
1926
1920
1928
1922
1925
1930
1928
1922
1930
1925
1924
1917
1925
1917
1930
1930
1917
1932
1932
1917
1934
1917
1918
1934
1935
2078
2080
1935
1934
2078
1934
1918
2078
1921
1920
1919
1922
1920
1921
1923
1922
1921
1925
1922
1923
1923
1924
1925
1943
2099
2115
1927
1929
1938
1937
1927
1938
1929
1931
1939
1938
1929
1939
1931
1933
1940
1939
1931
1940
1933
1936
1942
1940
1933
1942
1943
2098
2099
1942
2098
1943
1942
1935
2098
1942
1936
1935
1928
1927
1926
1929
1927
1928
1930
1929
1928
1931
1929
1930
1932
1931
1930
1933
1931
1932
1934
1933
1932
1936
1933
1934
1934
1935
1936
1951
2116
2134
1958
1941
1948
1941
1944
1950
1948
1941
1950
1951
2115
2116
1950
2115
1951
1950
1943
2115
1950
1944
1943
1953
1937
1955
1937
1938
1955
1955
1938
1957
1938
1939
1957
1958
1940
1941
1958
1957
1940
1957
1939
1940
1942
1941
1940
1944
1941
1942
1942
1943
1944
1971
2135
2150
1945
1946
1964
1962
1945
1964
1946
1947
1966
1964
1946
1966
1947
1949
1968
1966
1947
1968
1949
1952
1970
1968
1949
1970
1971
2134
2135
1970
2134
1971
1970
1951
2134
1970
1952
1951
1954
1956
1945
1956
1946
1945
1956
1959
1946
1959
1947
1946
1948
1959
1958
1948
1949
1959
1949
1947
1959
1950
1949
1948
1952
1949
1950
1950
1951
1952
1955
1954
1953
1956
1954
1955
1957
1956
1955
1959
1956
1957
1957
1958
1959
2281
2143
2307
2281
2289
2146
2143
2281
2146
2296
1960
2286
1960
1961
2288
2286
1960
2288
2289
2288
1961
2289
1961
2146
2146
1961
2152
1963
1965
2293
2291
1963
2293
1965
1967
2295
2293
1965
2295
2296
2295
1967
2296
1967
1960
1960
1967
1969
1969
1972
1960
1972
1961
1960
2150
1972
1971
2150
2152
1972
2152
1961
1972
1964
1963
1962
1965
1963
1964
1966
1965
1964
1967
1965
1966
1968
1967
1966
1969
1967
1968
1970
1969
1968
1972
1969
1970
1970
1971
1972
1975
1974
1973
1974
1975
1987
1974
1987
1976
1976
1987
1988
1988
1977
1976
1990
1977
1988
1977
1990
1992
1978
1977
1992
1992
1979
1978
1993
1979
1992
1979
1993
1995
1980
1979
1995
1995
1981
1980
1996
1981
1995
1984
1982
1981
1984
1981
1998
1998
1981
1996
1984
1983
1982
1998
2000
1984
2000
1983
1984
2000
2001
1983
2001
1985
1983
2003
1986
2001
2001
1986
1985
2155
2153
1986
2155
1986
2005
2005
1986
2003
2005
2007
2157
2155
2005
2157
2007
2009
2159
2157
2007
2159
2009
2081
2161
2159
2009
2161
1991
1987
1989
1988
1987
1991
1991
1990
1988
2011
2012
1991
1989
2011
1991
1994
1992
1990
2014
1994
1990
2014
1990
1991
2014
1991
2012
1994
1993
1992
2014
2016
1994
1997
1995
1993
2017
1997
1993
2017
1993
1994
2017
1994
2016
1997
1996
1995
2017
2019
1999
1997
2017
1999
1999
1996
1997
1998
1996
1999
2019
2021
1999
2002
2000
1998
2022
2002
1998
2022
1998
1999
2022
1999
2021
2002
2001
2000
2022
2024
2004
2002
2022
2004
2004
2001
2002
2003
2001
2004
2024
2026
2006
2004
2024
2006
2006
2003
2004
2005
2003
2006
2026
2027
2008
2006
2026
2008
2008
2005
2006
2007
2005
2008
2027
2028
2010
2008
2027
2010
2010
2007
2008
2009
2007
2010
2028
2103
2082
2010
2028
2082
2082
2009
2010
2081
2009
2082
2015
2011
2013
2012
2011
2015
2015
2014
2012
2029
2030
2015
2013
2029
2015
2018
2016
2014
2032
2018
2014
2032
2014
2015
2032
2015
2030
2018
2017
2016
2032
2034
2020
2018
2032
2020
2020
2017
2018
2019
2017
2020
2034
2036
2020
2023
2021
2019
2037
2023
2019
2037
2019
2020
2037
2020
2036
2023
2022
2021
2037
2039
2025
2023
2037
2025
2025
2022
2023
2024
2022
2025
2039
2041
2025
2041
2024
2025
2041
2043
2024
2043
2026
2024
2046
2027
2043
2043
2027
2026
2049
2028
2046
2046
2028
2027
2121
2103
2049
2049
2103
2028
2033
2029
2031
2030
2029
2033
2033
2032
2030
2051
2052
2035
2051
2035
2031
2031
2035
2033
2035
2032
2033
2034
2032
2035
2052
2054
2035
2038
2036
2034
2056
2038
2034
2056
2034
2035
2056
2035
2054
2038
2037
2036
2056
2059
2040
2038
2056
2040
2040
2037
2038
2039
2037
2040
2059
2061
2042
2040
2059
2042
2039
2044
2041
2039
2040
2044
2040
2042
2044
2044
2043
2041
2061
2063
2045
2042
2061
2045
2045
2047
2042
2047
2044
2042
2047
2043
2044
2046
2043
2047
2063
2065
2048
2045
2063
2048
2048
2050
2045
2050
2047
2045
2050
2046
2047
2049
2046
2050
2065
2139
2120
2048
2065
2120
2120
2122
2048
2122
2050
2048
2122
2049
2050
2121
2049
2122
2053
2052
2051
2052
2057
2054
2052
2053
2057
2053
2055
2057
2057
2056
2054
2058
2060
2055
2060
2057
2055
2060
2056
2057
2059
2056
2060
2298
2299
2062
2298
2062
2058
2058
2062
2060
2062
2059
2060
2061
2059
2062
2299
2301
2064
2062
2299
2064
2064
2061
2062
2063
2061
2064
2301
2303
2066
2064
2301
2066
2066
2063
2064
2065
2063
2066
2303
2305
2140
2066
2303
2140
2140
2065
2066
2139
2065
2140
2081
2083
2164
2161
2081
2164
2162
2164
2083
2162
2083
2067
2067
2083
2085
2088
2068
2085
2085
2068
2067
2090
2071
2087
2071
2088
2087
2071
2070
2088
2070
2068
2088
2069
2071
2090
2069
2090
2073
2073
2090
2093
2069
2070
2071
2096
2075
2072
2092
2096
2072
2072
2093
2092
2073
2093
2072
2101
2077
2074
2095
2101
2074
2074
2096
2095
2075
2096
2074
2080
2079
2076
2080
2076
2098
2098
2076
2100
2076
2101
2100
2077
2101
2076
2078
2079
2080
2103
2104
2084
2082
2103
2084
2084
2081
2082
2083
2081
2084
2104
2105
2086
2084
2104
2086
2086
2083
2084
2085
2083
2086
2105
2108
2089
2086
2105
2089
2089
2085
2086
2088
2085
2089
2110
2091
2107
2108
2087
2089
2107
2087
2108
2107
2090
2087
2107
2091
2090
2087
2088
2089
2110
2113
2094
2091
2110
2094
2094
2090
2091
2093
2090
2094
2118
2097
2112
2113
2092
2094
2112
2092
2113
2112
2096
2092
2112
2097
2096
2092
2093
2094
2099
2102
2117
2115
2099
2117
2118
2095
2097
2117
2095
2118
2117
2101
2095
2117
2102
2101
2095
2096
2097
2100
2099
2098
2102
2099
2100
2100
2101
2102
2125
2104
2121
2121
2104
2103
2127
2106
2124
2106
2125
2124
2106
2105
2125
2105
2104
2125
2127
2130
2109
2106
2127
2109
2109
2105
2106
2108
2105
2109
2132
2111
2129
2130
2107
2109
2129
2107
2130
2129
2110
2107
2129
2111
2110
2107
2108
2109
2132
2137
2114
2111
2132
2114
2114
2110
2111
2113
2110
2114
2116
2119
2136
2134
2116
2136
2137
2112
2114
2136
2112
2137
2136
2118
2112
2136
2119
2118
2112
2113
2114
2117
2116
2115
2119
2116
2117
2117
2118
2119
2139
2141
2123
2120
2139
2123
2123
2126
2120
2126
2122
2120
2126
2121
2122
2125
2121
2126
2141
2144
2128
2123
2141
2128
2124
2128
2127
2124
2126
2128
2126
2123
2128
2124
2125
2126
2144
2148
2131
2128
2144
2131
2131
2127
2128
2130
2127
2131
2151
2133
2147
2148
2129
2131
2147
2129
2148
2147
2132
2129
2147
2133
2132
2129
2130
2131
2151
2150
2135
2151
2135
2133
2133
2135
2138
2138
2132
2133
2137
2132
2138
2136
2135
2134
2138
2135
2136
2136
2137
2138
2305
2308
2142
2140
2305
2142
2142
2139
2140
2141
2139
2142
2308
2307
2143
2308
2143
2142
2142
2143
2145
2145
2141
2142
2144
2141
2145
2146
2149
2143
2149
2145
2143
2149
2144
2145
2148
2144
2149
2147
2152
2151
2147
2149
2152
2149
2146
2152
2147
2148
2149
2150
2151
2152
2155
2154
2153
2157
2154
2155
2156
2154
2157
2159
2156
2157
2158
2156
2159
2161
2158
2159
2160
2158
2161
2164
2160
2161
2163
2160
2164
2162
2163
2164
2188
2182
2165
2188
2166
2193
2165
2166
2188
2193
2167
2198
2166
2167
2193
2198
2168
2203
2167
2168
2198
2203
2169
2209
2168
2169
2203
2208
2209
2169
2175
2170
2174
2176
2170
2175
2171
2170
2176
2234
2171
2176
2231
2171
2234
2178
2172
2177
2179
2172
2178
2173
2172
2179
2173
2175
2174
2173
2179
2175
2179
2180
2175
2180
2181
2175
2181
2176
2175
2181
2240
2176
2240
2234
2176
2178
2183
2184
2177
2183
2178
2184
2185
2178
2185
2179
2178
2185
2186
2179
2186
2180
2179
2186
2187
2180
2187
2181
2180
2187
2246
2181
2246
2240
2181
2182
2184
2183
2182
2188
2184
2188
2189
2184
2189
2190
2184
2190
2185
2184
2190
2191
2185
2191
2186
2185
2191
2192
2186
2192
2187
2186
2192
2252
2187
2252
2246
2187
2193
2194
2188
2194
2189
2188
2194
2195
2189
2195
2190
2189
2195
2196
2190
2196
2191
2190
2196
2197
2191
2197
2192
2191
2197
2257
2192
2257
2252
2192
2198
2199
2193
2199
2194
2193
2199
2200
2194
2200
2195
2194
2200
2201
2195
2201
2196
2195
2201
2202
2196
2202
2197
2196
2202
2262
2197
2262
2257
2197
2203
2204
2198
2204
2199
2198
2204
2205
2199
2205
2200
2199
2205
2206
2200
2206
2201
2200
2206
2207
2201
2207
2202
2201
2207
2267
2202
2267
2262
2202
2209
2210
2203
2210
2204
2203
2210
2211
2204
2211
2205
2204
2211
2212
2205
2212
2206
2205
2212
2213
2206
2213
2207
2206
2213
2272
2207
2272
2267
2207
2214
2209
2208
2214
2215
2209
2215
2210
2209
2215
2216
2210
2216
2211
2210
2216
2217
2211
2217
2212
2211
2217
2218
2212
2218
2213
2212
2218
2277
2213
2277
2272
2213
2215
2219
2221
2214
2219
2215
2221
2223
2215
2223
2216
2215
2223
2224
2216
2224
2217
2216
2224
2225
2217
2225
2218
2217
2225
2283
2218
2283
2277
2218
2220
2221
2219
2222
2221
2220
2223
2221
2222
2226
2223
2222
2226
2228
2223
2228
2224
2223
2228
2230
2224
2230
2225
2224
2230
2292
2225
2292
2283
2225
2227
2228
2226
2229
2228
2227
2230
2228
2229
2291
2230
2229
2292
2230
2291
2235
2231
2234
2232
2231
2235
2237
2232
2235
2233
2232
2237
2237
2236
2233
2240
2241
2234
2241
2235
2234
2241
2242
2235
2242
2237
2235
2236
2243
2238
2236
2237
2243
2237
2242
2243
2245
2238
2243
2239
2238
2245
2245
2244
2239
2246
2247
2240
2247
2241
2240
2247
2248
2241
2248
2242
2241
2248
2249
2242
2249
2243
2242
2249
2251
2243
2251
2245
2243
2251
2244
2245
2250
2244
2251
2252
2253
2246
2253
2247
2246
2253
2254
2247
2254
2248
2247
2254
2255
2248
2255
2249
2248
2255
2256
2249
2256
2251
2249
2250
2300
2298
2250
2251
2300
2251
2256
2300
2257
2258
2252
2258
2253
2252
2258
2259
2253
2259
2254
2253
2259
2260
2254
2260
2255
2254
2260
2261
2255
2261
2256
2255
2261
2302
2256
2302
2300
2256
2262
2263
2257
2263
2258
2257
2263
2264
2258
2264
2259
2258
2264
2265
2259
2265
2260
2259
2265
2266
2260
2266
2261
2260
2266
2304
2261
2304
2302
2261
2267
2268
2262
2268
2263
2262
2268
2269
2263
2269
2264
2263
2269
2270
2264
2270
2265
2264
2270
2271
2265
2271
2266
2265
2271
2306
2266
2306
2304
2266
2272
2273
2267
2273
2268
2267
2273
2274
2268
2274
2269
2268
2274
2275
2269
2275
2270
2269
2275
2276
2270
2276
2271
2270
2276
2309
2271
2309
2306
2271
2277
2278
2272
2278
2273
2272
2278
2279
2273
2279
2274
2273
2279
2280
2274
2280
2275
2274
2280
2282
2275
2282
2276
2275
2307
2282
2281
2307
2309
2282
2309
2276
2282
2283
2284
2277
2284
2278
2277
2284
2285
2278
2285
2279
2278
2285
2287
2279
2287
2280
2279
2287
2290
2280
2290
2282
2280
2290
2281
2282
2289
2281
2290
2292
2294
2283
2294
2284
2283
2294
2297
2284
2297
2285
2284
2286
2297
2296
2286
2287
2297
2287
2285
2297
2288
2287
2286
2290
2287
2288
2288
2289
2290
2293
2292
2291
2294
2292
2293
2295
2294
2293
2297
2294
2295
2295
2296
2297
2300
2299
2298
2302
2299
2300
2301
2299
2302
2304
2301
2302
2303
2301
2304
2306
2303
2304
2305
2303
2306
2309
2305
2306
2308
2305
2309
2307
2308
2309
