0
95
117
0
2
98
95
0
98
2
5
103
98
2
103
5
8
105
103
5
105
8
39
154
105
8
154
10
113
126
10
13
119
113
10
119
15
1
12
13
117
119
12
117
13
12
0
117
12
1
0
15
18
3
1
15
3
3
0
1
2
0
3
20
4
17
18
17
4
18
4
3
3
4
6
6
2
3
5
2
6
20
21
7
4
20
7
7
9
4
9
6
4
9
5
6
8
5
9
21
45
38
7
21
38
38
40
7
40
9
7
40
8
9
39
8
40
23
127
137
25
11
22
23
126
127
22
126
23
22
10
126
22
11
10
25
28
14
11
25
14
14
10
11
13
10
14
30
16
27
28
12
14
27
12
28
27
15
12
27
16
15
12
13
14
30
32
19
16
30
19
19
15
16
18
15
19
17
19
32
17
32
20
20
32
34
17
18
19
36
21
34
34
21
20
56
45
36
36
45
21
442
138
583
444
24
441
442
137
138
441
137
442
441
23
137
441
24
23
445
26
443
444
22
24
443
22
444
443
25
22
443
26
25
22
23
24
445
447
29
26
445
29
29
25
26
28
25
29
449
31
446
447
27
29
446
27
447
446
30
27
446
31
30
27
28
29
449
450
33
31
449
33
33
30
31
32
30
33
450
451
35
33
450
35
35
32
33
34
32
35
451
453
37
35
451
37
37
34
35
36
34
37
453
513
57
37
453
57
57
36
37
56
36
57
39
41
156
154
39
156
41
43
159
156
41
159
43
172
159
45
46
38
46
47
42
46
42
38
38
42
40
42
39
40
41
39
42
47
49
44
42
47
44
44
41
42
43
41
44
49
51
44
174
172
43
52
174
43
52
43
44
52
44
51
52
54
176
174
52
176
54
186
176
48
46
45
48
45
58
58
45
56
48
47
46
58
60
50
48
58
50
50
47
48
49
47
50
60
62
50
53
51
49
63
53
49
63
49
50
63
50
62
53
52
51
63
65
55
53
63
55
55
52
53
54
52
55
65
67
55
188
186
54
68
188
54
68
54
55
68
55
67
68
197
188
513
515
59
57
513
59
59
56
57
58
56
59
515
516
61
59
515
61
61
58
59
60
58
61
516
517
61
64
62
60
518
64
60
518
60
61
518
61
517
64
63
62
518
520
66
64
518
66
66
63
64
65
63
66
520
521
66
69
67
65
522
69
65
522
65
66
522
66
521
69
68
67
522
523
69
199
197
68
524
199
68
524
68
69
524
69
523
524
616
199
93
70
87
70
208
228
87
70
228
96
71
90
71
72
92
90
71
92
93
92
72
93
72
70
70
72
73
73
210
70
210
208
70
96
100
74
71
96
74
74
75
71
75
72
71
75
76
72
76
73
72
76
214
73
214
210
73
102
77
99
100
99
77
100
77
74
74
77
78
78
79
74
79
75
74
79
80
75
80
76
75
80
218
76
218
214
76
102
104
81
77
102
81
81
82
77
82
78
77
82
83
78
83
79
78
83
84
79
84
80
79
84
223
80
223
218
80
104
153
142
81
104
142
142
143
81
143
82
81
143
144
82
144
83
82
144
145
83
145
84
83
145
282
84
282
223
84
115
85
107
85
86
109
107
85
109
86
88
111
109
86
111
88
229
249
111
88
249
118
89
114
115
114
89
115
89
85
85
89
91
91
94
85
94
86
85
87
94
93
87
88
94
88
86
94
228
88
87
229
88
228
118
117
95
118
95
89
89
95
97
90
97
96
90
91
97
91
89
97
92
91
90
94
91
92
92
93
94
98
101
95
101
97
95
101
96
97
100
96
101
99
103
102
99
101
103
101
98
103
99
100
101
105
102
103
104
102
105
154
104
105
153
104
154
124
106
120
106
247
261
120
106
261
129
108
121
108
110
123
121
108
123
124
123
110
124
110
106
106
110
112
112
250
106
250
247
106
113
116
128
126
113
128
129
107
108
128
107
129
128
115
107
128
116
115
109
108
107
110
108
109
111
110
109
112
110
111
249
112
111
250
112
249
114
119
118
114
116
119
116
113
119
114
115
116
117
118
119
140
122
131
122
125
133
131
122
133
125
124
120
125
120
133
133
120
135
135
120
271
120
261
271
127
130
139
137
127
139
140
121
122
139
121
140
139
129
121
139
130
129
123
122
121
125
122
123
123
124
125
128
127
126
130
127
128
128
129
130
585
132
579
132
134
580
579
132
580
134
136
581
580
134
581
136
272
653
581
136
653
138
141
584
583
138
584
585
131
132
584
131
585
584
140
131
584
141
140
133
132
131
134
132
133
135
134
133
136
134
135
271
136
135
272
136
271
139
138
137
141
138
139
139
140
141
153
155
142
155
157
146
155
146
142
142
146
143
146
147
143
147
144
143
147
148
144
148
145
144
148
287
145
287
282
145
157
160
149
146
157
149
149
150
146
150
147
146
150
151
147
151
148
147
151
291
148
291
287
148
160
162
149
162
163
150
149
162
150
163
166
152
163
152
150
150
152
151
152
295
151
295
291
151
166
168
152
168
305
295
152
168
295
153
158
155
153
154
158
154
156
158
158
157
155
159
161
156
161
158
156
161
157
158
160
157
161
172
173
164
172
164
159
159
164
161
160
165
162
160
161
165
161
164
165
167
162
165
163
162
167
167
166
163
173
175
164
175
177
169
175
169
164
164
169
165
169
170
165
170
167
165
166
171
168
166
167
171
167
170
171
311
168
171
305
168
311
177
179
169
179
180
170
169
179
170
180
181
171
170
180
171
181
317
311
171
181
311
174
173
172
173
178
175
173
174
178
174
176
178
178
177
175
186
187
178
176
186
178
182
179
177
189
182
177
189
177
178
189
178
187
183
179
182
180
179
183
184
180
183
181
180
184
323
181
184
317
181
323
189
191
182
191
192
183
182
191
183
192
194
185
192
185
183
183
185
184
185
327
184
327
323
184
194
196
185
196
334
327
185
196
327
190
186
188
187
186
190
190
189
187
197
198
190
188
197
190
193
191
189
200
193
189
200
189
190
200
190
198
195
191
193
192
191
195
195
194
192
200
202
193
202
203
195
193
202
195
194
195
203
194
203
196
196
203
204
204
340
196
196
340
334
201
197
199
198
197
201
201
200
198
616
617
201
199
616
201
205
202
200
618
205
200
618
200
201
618
201
617
206
202
205
203
202
206
207
203
206
204
203
207
346
204
207
340
204
346
618
620
205
620
621
206
205
620
206
621
622
207
206
621
207
622
691
346
207
622
346
208
209
230
228
208
230
209
234
230
210
211
208
211
209
208
235
234
209
235
209
212
212
209
211
212
213
237
235
212
237
213
240
237
214
215
210
215
211
210
215
216
211
216
212
211
216
217
212
217
213
212
242
240
213
217
242
213
218
219
214
219
215
214
219
220
215
220
216
215
220
221
216
221
217
216
243
242
217
243
217
222
222
217
221
222
245
243
223
224
218
224
219
218
224
225
219
225
220
219
225
226
220
226
221
220
226
227
221
227
222
221
246
245
222
227
246
222
282
283
223
283
224
223
283
284
224
284
225
224
284
285
225
285
226
225
285
286
226
286
227
226
298
246
227
286
298
227
229
231
251
249
229
251
231
232
253
251
231
253
232
233
255
253
232
255
233
257
255
230
229
228
231
229
230
234
231
230
234
236
231
236
232
231
236
238
232
238
233
232
258
257
233
258
233
239
239
233
238
239
260
258
235
236
234
237
236
235
238
236
237
240
238
237
240
241
238
241
239
238
355
260
239
355
239
350
350
239
241
241
242
244
240
242
241
244
351
241
351
350
241
243
244
242
245
244
243
245
352
244
352
351
244
352
246
353
245
246
352
353
298
399
246
298
353
247
248
262
261
247
262
248
263
262
250
252
247
252
248
247
264
263
248
264
248
254
254
248
252
254
256
266
264
254
266
256
268
266
251
250
249
252
250
251
253
252
251
254
252
253
255
254
253
256
254
255
256
269
268
255
269
256
255
259
269
255
257
259
259
354
367
269
259
367
258
259
257
260
259
258
260
356
259
356
354
259
355
356
260
271
261
273
261
262
273
263
265
275
263
275
262
262
275
273
265
267
277
275
265
277
267
279
277
264
265
263
266
265
264
267
265
266
267
280
279
266
280
267
266
270
280
266
268
270
270
368
381
280
270
381
269
270
268
367
270
269
368
270
367
272
274
655
653
272
655
274
276
657
655
274
657
276
278
658
657
276
658
278
659
658
273
272
271
274
272
273
275
274
273
276
274
275
277
276
275
278
276
277
278
660
659
277
660
278
277
281
660
277
279
281
281
382
727
660
281
727
280
281
279
381
281
280
382
281
381
287
288
282
288
283
282
288
289
283
289
284
283
289
290
284
290
285
284
299
297
286
299
286
290
290
286
285
297
298
286
291
292
287
292
288
287
292
293
288
293
289
288
293
294
289
294
290
289
303
299
290
294
303
290
295
296
291
296
292
291
307
301
293
307
293
296
296
293
292
301
302
294
293
301
294
302
303
294
305
306
296
295
305
296
306
307
296
300
297
299
297
399
298
297
300
399
300
400
399
300
303
304
299
303
300
304
401
300
401
400
300
308
301
307
309
301
308
302
301
309
302
304
303
302
309
304
309
310
304
316
407
401
316
401
310
310
401
304
312
305
311
306
305
312
306
308
307
306
312
308
312
313
308
313
314
308
314
309
308
321
315
310
321
310
314
314
310
309
315
316
310
317
318
312
311
317
312
318
319
313
312
318
313
319
320
314
313
319
314
320
321
314
410
407
316
322
315
321
315
410
316
315
322
410
322
411
410
324
317
323
318
317
324
325
318
324
319
318
325
326
319
325
320
319
326
320
322
321
326
322
320
326
329
322
326
332
329
329
421
411
322
329
411
327
328
323
328
324
323
336
330
325
336
325
328
328
325
324
330
331
326
325
330
326
331
332
326
334
335
328
327
334
328
335
336
328
333
329
332
424
329
333
421
329
424
337
330
336
338
330
337
331
330
338
331
333
332
338
333
331
338
339
333
338
344
339
339
437
424
333
339
424
340
341
334
334
341
335
337
336
335
337
335
342
342
335
341
342
343
338
337
342
338
343
344
338
345
339
344
440
339
345
437
339
440
347
340
346
341
340
347
348
341
347
342
341
348
349
342
348
343
342
349
343
345
344
349
345
343
349
690
345
349
695
690
690
816
440
345
690
440
691
692
347
346
691
347
692
693
348
347
692
348
693
694
349
348
693
349
694
695
349
350
357
355
359
357
350
351
359
350
361
359
351
352
361
351
364
361
352
353
364
352
402
364
353
399
402
353
354
369
367
371
369
354
356
371
354
356
372
371
355
372
356
355
358
372
355
357
358
358
374
372
358
359
360
357
359
358
376
374
358
360
376
358
360
361
362
359
361
360
377
376
360
377
360
363
363
360
362
363
379
377
362
364
365
361
364
362
365
366
362
366
363
362
380
379
363
366
380
363
365
402
403
364
402
365
403
404
365
404
366
365
413
380
366
404
413
366
368
383
381
368
384
383
367
384
368
367
370
384
367
369
370
370
386
384
370
371
373
369
371
370
388
386
370
373
388
370
372
373
371
373
389
388
372
389
373
372
375
389
372
374
375
375
391
389
375
376
378
374
376
375
393
391
375
378
393
375
377
378
376
378
377
379
378
379
393
393
379
395
397
395
380
395
379
380
425
397
413
397
380
413
382
728
727
382
729
728
381
729
382
381
385
729
381
383
385
385
730
729
384
385
383
385
731
730
384
731
385
384
387
731
384
386
387
387
732
731
387
388
390
386
388
387
733
732
387
390
733
387
389
390
388
390
734
733
389
734
390
389
392
734
389
391
392
392
736
734
392
393
394
391
393
392
737
736
392
394
737
392
394
395
396
393
395
394
738
737
394
396
738
394
396
397
398
395
397
396
740
738
396
398
740
396
398
425
426
397
425
398
805
740
398
426
805
398
405
402
399
400
405
399
408
405
400
401
408
400
407
408
401
403
405
406
402
405
403
414
412
404
414
404
406
406
404
403
412
413
404
406
408
409
405
408
406
417
414
406
409
417
406
407
409
408
410
409
407
410
416
409
410
419
416
416
417
409
422
419
410
411
422
410
421
422
411
415
412
414
412
415
427
412
427
413
413
427
425
415
417
418
414
417
415
430
427
415
418
430
415
420
416
419
416
418
417
420
418
416
420
429
418
420
432
429
429
430
418
420
422
423
419
422
420
435
432
420
423
435
420
421
423
422
424
423
421
424
434
423
424
438
434
434
435
423
437
438
424
426
427
428
425
427
426
807
805
426
428
807
426
428
430
431
427
430
428
809
807
428
431
809
428
433
429
432
429
431
430
433
431
429
433
808
431
433
810
808
808
809
431
433
435
436
432
435
433
813
810
433
436
813
433
439
434
438
434
436
435
439
436
434
439
812
436
439
815
812
812
813
436
437
439
438
440
439
437
440
814
439
440
817
814
814
815
439
816
817
440
456
442
583
594
456
583
459
444
441
455
459
441
441
456
455
442
456
441
462
445
443
458
462
443
443
459
458
444
459
443
464
448
461
448
462
461
448
447
462
447
445
462
446
448
464
446
464
449
449
464
465
446
447
448
468
450
465
465
450
449
470
452
467
452
468
467
452
451
468
451
450
468
470
471
454
452
470
454
454
451
452
453
451
454
471
525
514
454
471
514
514
453
454
513
453
514
473
596
600
475
457
472
473
594
596
472
594
473
472
456
594
472
457
456
477
460
474
475
455
457
474
455
475
474
459
455
474
460
459
455
456
457
478
463
476
477
458
460
476
458
477
476
462
458
476
463
462
458
459
460
461
463
478
461
478
464
464
478
480
461
462
463
481
466
479
466
480
479
466
465
480
465
464
480
481
482
469
466
481
469
469
465
466
468
465
469
467
469
482
467
482
470
470
482
483
467
468
469
484
471
483
483
471
470
541
525
484
484
525
471
486
473
600
606
486
600
488
475
472
485
488
472
472
486
485
473
486
472
491
477
474
487
491
474
474
488
487
475
488
474
492
478
476
490
492
476
476
491
490
477
491
476
494
480
492
492
480
478
496
481
479
493
496
479
479
494
493
480
494
479
497
482
496
496
482
481
498
483
497
497
483
482
499
484
498
498
484
483
553
541
499
499
541
484
502
486
606
614
502
606
503
489
500
489
488
485
489
485
500
500
485
501
485
502
501
486
502
485
487
489
503
487
503
491
491
503
505
487
488
489
507
492
490
504
507
490
490
505
504
491
505
490
508
495
506
495
507
506
495
494
507
494
492
507
493
495
508
493
508
496
496
508
509
493
494
495
510
497
509
509
497
496
511
498
510
510
498
497
512
499
511
511
499
498
567
553
512
512
553
499
879
502
614
1023
879
614
880
503
500
877
880
500
877
500
878
500
501
878
501
879
878
502
879
501
882
505
880
880
505
503
884
507
504
881
884
504
504
882
881
505
882
504
885
508
506
883
885
506
506
884
883
507
884
506
886
509
885
885
509
508
887
510
886
886
510
509
888
511
887
887
511
510
889
512
888
888
512
511
951
567
889
889
567
512
525
526
514
526
513
514
526
527
513
527
515
513
529
516
527
527
516
515
519
517
516
519
516
531
531
516
529
519
518
517
531
532
519
532
518
519
532
533
518
533
520
518
520
533
535
521
520
535
535
522
521
536
522
535
522
536
538
523
522
538
538
524
523
539
524
538
524
539
624
616
524
624
528
526
525
528
525
542
542
525
541
528
527
526
542
543
530
528
542
530
530
527
528
529
527
530
543
544
530
544
529
530
544
545
529
545
531
529
534
532
531
534
531
546
546
531
545
534
533
532
546
547
534
537
535
533
548
537
533
548
533
534
548
534
547
537
536
535
548
549
537
540
538
536
550
540
536
550
536
537
550
537
549
540
539
538
550
551
540
626
624
539
552
626
539
552
539
540
552
540
551
552
634
626
554
542
553
553
542
541
555
543
554
554
543
542
543
555
556
544
543
556
556
545
544
557
545
556
559
546
557
557
546
545
546
559
560
547
546
560
560
548
547
561
548
560
548
561
562
549
548
562
562
550
549
563
550
562
550
563
565
551
550
565
565
552
551
566
552
565
552
566
640
634
552
640
568
554
567
567
554
553
569
555
568
568
555
554
558
556
555
558
555
570
570
555
569
558
557
556
570
571
558
571
557
558
571
572
557
572
559
557
559
572
573
560
559
573
573
561
560
574
561
573
564
562
561
564
561
575
575
561
574
564
563
562
575
576
564
563
564
576
563
576
565
565
576
577
577
566
565
578
566
577
566
578
647
640
566
647
952
568
951
951
568
567
953
569
952
952
569
568
954
570
953
953
570
569
570
954
955
571
570
955
955
572
571
956
572
955
572
956
957
573
572
957
957
574
573
958
574
957
959
575
958
958
575
574
575
959
960
576
575
960
960
961
576
576
961
577
961
578
577
962
578
961
578
962
1056
647
578
1056
592
582
587
582
654
662
587
582
662
595
586
588
586
585
579
586
579
588
588
579
589
589
579
591
579
580
591
592
581
582
592
591
581
591
580
581
653
582
581
654
582
653
595
584
586
595
594
584
594
583
584
584
585
586
602
590
597
590
593
598
597
590
598
593
592
587
593
587
598
598
587
599
599
587
671
587
662
671
596
595
588
596
588
600
600
588
601
602
589
590
602
601
589
601
588
589
591
590
589
593
590
591
591
592
593
594
595
596
608
602
597
603
608
597
603
597
604
597
598
604
604
598
605
598
599
605
605
599
677
599
671
677
606
600
607
600
601
607
601
608
607
602
608
601
615
609
610
609
608
603
609
603
610
610
603
611
611
603
612
603
604
612
612
604
613
604
605
613
613
605
684
605
677
684
615
607
609
615
614
607
614
606
607
607
608
609
1024
615
610
1019
1024
610
1019
610
1020
610
611
1020
1020
611
1021
611
612
1021
1021
612
1022
612
613
1022
1022
613
1093
613
684
1093
614
1024
1023
615
1024
614
619
624
625
619
617
624
617
616
624
619
618
617
625
627
619
618
619
627
618
627
620
620
627
628
628
629
620
620
629
621
623
629
631
623
622
629
622
621
629
697
622
623
691
622
697
631
633
623
633
703
697
623
633
697
626
625
624
625
626
634
625
634
627
627
634
635
630
635
636
630
628
635
628
627
635
632
628
630
629
628
632
632
631
629
636
637
630
637
638
632
630
637
632
631
632
638
631
638
633
633
638
639
639
709
633
633
709
703
640
641
634
634
641
635
641
636
635
642
636
641
636
642
644
637
636
644
644
645
637
637
645
638
645
646
638
638
646
639
646
715
639
639
715
709
643
647
648
643
641
647
641
640
647
643
642
641
648
649
643
642
643
649
642
649
644
644
649
650
650
651
644
644
651
645
651
652
645
645
652
646
652
721
646
646
721
715
1056
648
647
1057
648
1056
648
1057
1058
649
648
1058
1058
1059
649
649
1059
650
1059
1060
650
650
1060
651
1060
1061
651
651
1061
652
1061
1130
652
652
1130
721
654
656
663
662
654
663
656
664
663
655
654
653
656
654
655
656
665
664
656
655
665
655
657
665
665
657
667
657
658
667
659
661
669
659
669
658
658
669
667
661
670
669
660
661
659
661
742
670
661
660
742
660
727
742
671
662
672
662
663
672
664
666
673
664
673
663
663
673
672
666
668
674
673
666
674
668
675
674
665
666
664
667
666
665
668
666
667
668
676
675
668
667
676
667
669
676
670
743
761
670
761
669
669
761
676
742
743
670
677
671
678
671
672
678
678
672
679
672
673
679
679
673
680
673
674
680
680
674
675
681
680
675
675
682
681
676
682
675
682
676
775
676
761
775
684
677
685
677
678
685
685
678
686
678
679
686
686
679
687
679
680
687
681
683
688
681
688
680
680
688
687
683
689
688
682
683
681
683
791
689
683
682
791
682
775
791
1093
684
1094
684
685
1094
1094
685
1095
685
686
1095
1095
686
1096
686
687
1096
1096
687
1097
687
688
1097
1097
688
689
1098
1097
689
689
1167
1098
791
1167
689
696
690
695
702
690
696
702
832
690
832
816
690
698
691
697
692
691
698
705
692
698
705
699
692
699
693
692
699
700
693
693
700
694
696
695
694
696
694
701
701
694
700
701
702
696
703
704
698
697
703
698
704
705
698
835
832
702
706
699
705
707
699
706
700
699
707
713
700
707
713
708
700
708
701
700
835
702
701
835
701
847
847
701
708
709
710
703
703
710
704
706
705
704
706
704
711
711
704
710
711
712
707
706
711
707
712
713
707
719
708
713
714
708
719
714
862
708
708
862
847
715
716
709
709
716
710
716
717
710
710
717
711
717
718
711
711
718
712
712
718
719
713
712
719
720
714
719
726
714
720
726
875
714
875
862
714
721
722
715
715
722
716
722
723
716
716
723
717
723
724
717
717
724
718
720
719
718
720
718
725
725
718
724
725
726
720
1135
875
726
1258
875
1135
1130
1131
721
721
1131
722
1131
1132
722
722
1132
723
1132
1133
723
723
1133
724
1133
1134
724
724
1134
725
725
1134
1135
726
725
1135
742
727
728
744
742
728
728
745
744
729
745
728
745
729
730
747
745
730
730
748
747
731
748
730
748
731
732
750
748
732
751
733
735
751
750
733
750
732
733
735
753
751
734
735
733
735
734
736
735
736
753
753
736
754
756
754
737
754
736
737
757
738
739
757
756
738
756
737
738
739
759
757
739
740
741
738
740
739
760
759
739
741
760
739
741
805
806
740
805
741
819
760
741
806
819
741
743
762
761
743
763
762
742
763
743
742
746
763
742
744
746
746
764
763
745
746
744
746
765
764
745
765
746
745
749
765
745
747
749
749
766
765
748
749
747
749
767
766
748
767
749
748
752
767
748
750
752
752
768
767
751
752
750
752
751
753
752
753
768
768
753
769
770
754
755
770
769
754
769
753
754
755
771
770
755
756
758
754
756
755
772
771
755
758
772
755
757
758
756
758
757
759
758
759
772
772
759
773
774
773
760
773
759
760
836
774
819
774
760
819
775
761
762
776
775
762
762
777
776
763
777
762
777
763
764
778
777
764
764
779
778
765
779
764
779
765
766
781
779
766
766
782
781
767
782
766
782
767
768
783
782
768
784
783
769
783
768
769
769
785
784
770
785
769
785
770
771
787
785
771
788
787
772
787
771
772
789
788
773
788
772
773
790
789
774
789
773
774
849
790
836
790
774
836
791
775
776
792
791
776
776
793
792
777
793
776
778
780
794
778
794
777
777
794
793
780
795
794
779
780
778
780
779
781
780
781
795
795
781
796
781
797
796
782
797
781
797
782
783
798
797
783
799
784
786
799
798
784
798
783
784
786
800
799
785
786
784
786
785
787
786
787
800
800
787
801
802
801
788
801
787
788
803
802
789
802
788
789
804
803
790
803
789
790
864
804
849
804
790
849
1167
791
792
1168
1167
792
792
1169
1168
793
1169
792
1169
793
1170
793
794
1170
1170
794
795
1171
1170
795
1172
1171
796
1171
795
796
796
1173
1172
797
1173
796
1173
797
798
1174
1173
798
798
1175
1174
799
1175
798
1175
799
800
1176
1175
800
1177
1176
801
1176
800
801
1178
1177
802
1177
801
802
1179
1178
803
1178
802
803
1180
1179
804
1179
803
804
1247
1180
864
1180
804
864
806
820
818
806
805
820
805
807
820
818
819
806
822
820
809
820
807
809
811
808
810
808
811
825
808
825
809
809
825
822
811
827
824
811
810
827
810
813
827
824
825
811
830
812
815
826
812
830
812
826
827
813
812
827
833
814
817
829
814
833
814
829
830
815
814
830
816
832
833
817
816
833
821
818
820
818
821
837
818
837
819
819
837
836
821
822
823
820
822
821
839
837
821
823
839
821
823
840
838
823
822
840
822
825
840
838
839
823
828
824
827
824
828
842
824
842
825
825
842
840
831
826
830
826
828
827
831
828
826
831
841
828
831
844
841
841
842
828
834
829
833
829
831
830
834
831
829
834
843
831
834
846
843
843
844
831
832
834
833
835
834
832
835
845
834
835
848
845
845
846
834
847
848
835
850
849
837
849
836
837
852
850
839
850
837
839
853
838
840
851
838
853
838
851
852
839
838
852
856
853
842
853
840
842
858
841
844
855
841
858
841
855
856
842
841
856
860
843
846
857
843
860
843
857
858
844
843
858
863
845
848
859
845
863
845
859
860
846
845
860
847
862
863
848
847
863
865
864
850
864
849
850
866
865
852
865
850
852
854
851
853
851
854
868
851
868
852
852
868
866
854
870
867
854
853
870
853
856
870
867
868
854
871
855
858
869
855
871
855
869
870
856
855
870
861
857
860
857
861
874
857
874
858
858
874
871
876
859
863
872
859
876
861
860
859
861
859
873
873
859
872
873
874
861
862
875
876
863
862
876
1248
1247
865
1247
864
865
1249
1248
866
1248
865
866
1251
1249
868
1249
866
868
1253
867
870
1250
867
1253
867
1250
1251
868
867
1251
1254
869
871
1252
869
1254
869
1252
1253
870
869
1253
1257
1254
874
1254
871
874
1259
872
876
1255
872
1259
1255
1256
872
872
1256
873
873
1256
1257
874
873
1257
875
1258
1259
876
875
1259
892
879
1023
1029
892
1023
893
880
877
890
893
877
890
877
891
877
878
891
878
892
891
879
892
878
896
882
893
893
882
880
898
884
881
895
898
881
881
896
895
882
896
881
899
885
883
897
899
883
883
898
897
884
898
883
901
886
899
899
886
885
902
887
901
901
887
886
903
888
902
902
888
887
904
889
903
903
889
888
963
951
904
904
951
889
906
892
1029
1035
906
1029
894
893
890
908
894
890
908
890
905
905
890
891
891
906
905
892
906
891
894
907
910
894
910
893
893
910
896
907
894
908
911
898
895
909
911
895
895
910
909
896
910
895
900
899
897
897
913
900
897
898
913
898
911
913
900
912
914
900
914
899
899
914
901
912
900
913
915
902
914
914
902
901
916
903
915
915
903
902
917
904
916
916
904
903
977
963
917
917
963
904
919
906
1035
1041
919
1035
921
908
905
918
921
905
905
919
918
906
919
905
924
910
907
920
924
907
907
921
920
908
921
907
926
911
909
923
926
909
909
924
923
910
924
909
929
913
926
926
913
911
930
914
912
928
930
912
912
929
928
913
929
912
932
915
930
930
915
914
934
916
932
932
916
915
935
917
934
934
917
916
989
977
935
935
977
917
1046
919
1041
922
921
918
918
919
1046
922
918
1046
922
1046
1053
922
1053
937
925
924
920
920
921
922
925
920
922
925
922
936
925
936
939
936
922
937
927
926
923
923
924
925
927
923
925
927
925
938
927
938
941
938
925
939
927
940
942
927
942
926
926
942
929
940
927
941
931
930
928
928
944
931
928
929
944
929
942
944
931
933
932
930
931
932
946
931
944
933
931
946
933
945
947
933
947
932
932
947
934
945
933
946
949
935
947
947
935
934
1006
989
949
949
989
935
1322
937
1053
1415
1322
1053
1324
939
936
1321
1324
936
936
1322
1321
937
1322
936
1326
941
938
1323
1326
938
938
1324
1323
939
1324
938
943
942
940
940
1329
943
940
941
1329
941
1326
1329
943
1328
1331
943
1331
942
942
1331
944
1328
943
1329
1333
946
1331
1331
946
944
948
947
945
945
1335
948
945
946
1335
946
1333
1335
948
950
949
947
948
949
1337
948
1335
950
948
1337
950
1008
1006
949
950
1006
1370
950
1337
1008
950
1370
964
952
963
963
952
951
965
953
964
964
953
952
966
954
965
965
954
953
954
966
967
955
954
967
967
956
955
969
956
967
956
969
970
957
956
970
970
958
957
971
958
970
972
959
971
971
959
958
959
972
973
960
959
973
973
975
960
960
975
961
975
962
961
976
962
975
962
976
1062
1056
962
1062
978
964
977
977
964
963
979
965
978
978
965
964
980
968
966
980
966
979
979
966
965
968
980
981
967
966
968
968
969
967
968
981
969
981
982
969
969
982
983
970
969
983
983
971
970
984
971
983
985
974
972
985
972
984
984
972
971
974
985
986
973
972
974
974
986
987
974
987
973
973
987
975
987
976
975
988
976
987
976
988
1069
1062
976
1069
990
978
989
989
978
977
992
979
990
990
979
978
979
992
993
980
979
993
993
981
980
995
981
993
996
982
995
995
982
981
982
996
997
983
982
997
997
984
983
999
984
997
984
999
1000
985
984
1000
1000
986
985
1002
986
1000
986
1002
1003
987
986
1003
1003
988
987
1005
988
1003
988
1005
1075
1069
988
1075
1007
991
990
1007
990
1006
1006
990
989
991
1007
1009
991
994
992
990
991
992
1010
991
1009
994
991
1010
993
992
994
994
995
993
994
1010
995
1010
1011
995
1012
998
996
1012
996
1011
1011
996
995
998
1012
1014
997
996
998
998
1014
1015
997
998
1015
997
1015
1001
997
1001
999
1001
1015
1016
1000
999
1001
1001
1016
1017
1000
1001
1017
1000
1017
1004
1000
1004
1002
1004
1017
1018
1003
1002
1004
1004
1018
1084
1003
1004
1084
1003
1084
1076
1003
1076
1005
1075
1005
1076
1007
1006
1008
1008
1009
1007
1008
1370
1009
1370
1372
1009
1374
1010
1372
1372
1010
1009
1375
1013
1011
1375
1011
1374
1374
1011
1010
1013
1375
1377
1012
1011
1013
1013
1014
1012
1013
1377
1014
1377
1379
1014
1014
1379
1380
1015
1014
1380
1380
1016
1015
1382
1016
1380
1016
1382
1383
1017
1016
1383
1383
1018
1017
1385
1018
1383
1018
1385
1490
1084
1018
1490
1030
1024
1019
1025
1030
1019
1025
1019
1026
1019
1020
1026
1026
1020
1027
1020
1021
1027
1027
1021
1028
1021
1022
1028
1028
1022
1099
1022
1093
1099
1023
1030
1029
1024
1030
1023
1031
1030
1025
1037
1031
1025
1037
1025
1032
1032
1025
1026
1032
1026
1033
1026
1027
1033
1033
1027
1034
1027
1028
1034
1034
1028
1106
1028
1099
1106
1031
1029
1030
1031
1036
1029
1036
1035
1029
1036
1031
1037
1043
1037
1032
1038
1043
1032
1038
1032
1039
1032
1033
1039
1039
1033
1040
1033
1034
1040
1040
1034
1112
1034
1106
1112
1041
1035
1042
1035
1036
1042
1036
1043
1042
1037
1043
1036
1044
1043
1038
1045
1044
1038
1039
1045
1038
1051
1045
1039
1051
1039
1047
1047
1039
1040
1047
1040
1120
1040
1112
1120
1054
1046
1041
1054
1041
1048
1048
1041
1042
1044
1042
1043
1044
1049
1042
1049
1048
1042
1049
1045
1050
1044
1045
1049
1050
1045
1051
1053
1046
1054
1052
1051
1047
1122
1052
1047
1120
1122
1047
1055
1054
1048
1417
1055
1048
1417
1048
1412
1412
1048
1049
1412
1049
1413
1049
1050
1413
1052
1050
1051
1052
1414
1050
1414
1413
1050
1414
1122
1562
1052
1122
1414
1055
1053
1054
1055
1416
1053
1416
1415
1053
1416
1055
1417
1062
1057
1056
1063
1057
1062
1057
1063
1064
1058
1057
1064
1064
1066
1058
1058
1066
1059
1066
1067
1059
1059
1067
1060
1067
1068
1060
1060
1068
1061
1068
1136
1061
1061
1136
1130
1063
1070
1065
1063
1062
1070
1062
1069
1070
1065
1070
1071
1064
1063
1065
1065
1071
1072
1065
1072
1064
1064
1072
1066
1072
1073
1066
1066
1073
1067
1073
1074
1067
1067
1074
1068
1074
1144
1068
1068
1144
1136
1075
1077
1069
1069
1077
1070
1077
1071
1070
1078
1071
1077
1071
1078
1079
1072
1071
1079
1079
1081
1072
1072
1081
1073
1081
1083
1073
1073
1083
1074
1083
1150
1074
1074
1150
1144
1076
1084
1085
1076
1085
1086
1076
1086
1075
1075
1086
1077
1078
1088
1080
1078
1077
1088
1077
1086
1088
1080
1089
1082
1088
1089
1080
1082
1089
1090
1079
1078
1080
1081
1079
1080
1082
1081
1080
1082
1090
1091
1082
1091
1081
1081
1091
1083
1091
1162
1083
1083
1162
1150
1085
1492
1087
1085
1084
1492
1084
1490
1492
1087
1492
1494
1086
1085
1087
1087
1494
1495
1087
1495
1086
1086
1495
1088
1495
1497
1088
1088
1497
1089
1090
1499
1092
1090
1089
1499
1089
1497
1499
1092
1644
1163
1499
1644
1092
1091
1090
1092
1162
1091
1092
1163
1162
1092
1099
1093
1100
1093
1094
1100
1100
1094
1101
1094
1095
1101
1101
1095
1102
1095
1096
1102
1102
1096
1103
1096
1097
1103
1103
1097
1098
1104
1103
1098
1098
1181
1104
1167
1181
1098
1106
1099
1107
1099
1100
1107
1107
1100
1108
1100
1101
1108
1108
1101
1109
1101
1102
1109
1105
1110
1109
1105
1109
1103
1103
1109
1102
1105
1103
1104
1110
1105
1111
1104
1111
1105
1104
1181
1111
1181
1197
1111
1112
1106
1113
1106
1107
1113
1113
1107
1114
1107
1108
1114
1114
1108
1115
1108
1109
1115
1115
1109
1110
1117
1115
1110
1110
1119
1117
1111
1119
1110
1119
1111
1211
1111
1197
1211
1120
1112
1121
1112
1113
1121
1116
1123
1121
1116
1121
1114
1114
1121
1113
1118
1116
1114
1115
1118
1114
1118
1115
1117
1123
1116
1125
1125
1118
1126
1116
1118
1125
1117
1126
1118
1117
1119
1126
1119
1127
1126
1213
1128
1127
1213
1127
1211
1211
1127
1119
1128
1213
1231
1124
1122
1120
1121
1124
1120
1124
1121
1123
1562
1124
1563
1122
1124
1562
1123
1563
1124
1123
1125
1563
1125
1564
1563
1564
1125
1565
1125
1126
1565
1129
1569
1565
1129
1565
1127
1127
1565
1126
1129
1127
1128
1569
1129
1571
1128
1571
1129
1128
1231
1571
1231
1716
1571
1141
1258
1135
1273
1258
1141
1136
1137
1130
1130
1137
1131
1137
1138
1131
1131
1138
1132
1138
1139
1132
1132
1139
1133
1139
1140
1133
1133
1140
1134
1134
1140
1141
1135
1134
1141
1148
1143
1142
1142
1273
1141
1142
1143
1273
1143
1286
1273
1144
1145
1136
1136
1145
1137
1145
1146
1137
1137
1146
1138
1146
1147
1138
1138
1147
1139
1148
1142
1140
1148
1140
1147
1147
1140
1139
1140
1142
1141
1155
1143
1148
1149
1143
1155
1149
1304
1143
1143
1304
1286
1150
1151
1144
1144
1151
1145
1151
1152
1145
1145
1152
1146
1152
1154
1146
1146
1154
1147
1147
1154
1155
1148
1147
1155
1160
1319
1306
1165
1157
1153
1153
1158
1156
1157
1158
1153
1156
1149
1155
1156
1158
1149
1158
1159
1149
1160
1306
1304
1160
1304
1159
1159
1304
1149
1162
1164
1150
1150
1164
1151
1165
1153
1152
1165
1152
1164
1164
1152
1151
1154
1152
1153
1156
1154
1153
1154
1156
1155
1651
1642
1161
1161
1319
1160
1161
1642
1319
1642
1792
1319
1163
1646
1166
1644
1646
1163
1166
1157
1165
1166
1646
1157
1646
1648
1157
1648
1650
1157
1157
1650
1158
1651
1161
1159
1651
1159
1650
1650
1159
1158
1159
1161
1160
1164
1162
1163
1166
1164
1163
1164
1166
1165
1181
1167
1168
1182
1181
1168
1168
1183
1182
1169
1183
1168
1183
1169
1184
1169
1170
1184
1184
1170
1171
1185
1184
1171
1187
1185
1172
1185
1171
1172
1172
1188
1187
1173
1188
1172
1188
1173
1174
1189
1188
1174
1174
1190
1189
1175
1190
1174
1190
1175
1176
1191
1190
1176
1193
1191
1177
1191
1176
1177
1194
1193
1178
1193
1177
1178
1195
1194
1179
1194
1178
1179
1196
1195
1180
1195
1179
1180
1260
1196
1247
1196
1180
1247
1197
1181
1182
1198
1197
1182
1182
1199
1198
1183
1199
1182
1186
1200
1199
1186
1199
1184
1184
1199
1183
1186
1184
1185
1200
1186
1201
1201
1186
1185
1201
1185
1202
1202
1185
1187
1187
1203
1202
1188
1203
1187
1203
1188
1189
1204
1203
1189
1192
1189
1190
1192
1205
1189
1205
1204
1189
1192
1190
1191
1205
1192
1206
1206
1192
1191
1206
1191
1207
1207
1191
1193
1208
1207
1194
1207
1193
1194
1209
1208
1195
1208
1194
1195
1210
1209
1196
1209
1195
1196
1275
1210
1260
1210
1196
1260
1211
1197
1198
1212
1211
1198
1198
1214
1212
1199
1214
1198
1214
1199
1200
1215
1214
1200
1200
1217
1215
1201
1217
1200
1217
1201
1202
1218
1217
1202
1202
1220
1218
1203
1220
1202
1220
1203
1204
1221
1220
1204
1223
1221
1205
1221
1204
1205
1205
1224
1223
1206
1224
1205
1224
1206
1207
1225
1224
1207
1227
1225
1208
1225
1207
1208
1229
1227
1209
1227
1208
1209
1230
1229
1210
1229
1209
1210
1288
1230
1275
1230
1210
1275
1213
1211
1212
1216
1212
1214
1232
1212
1216
1232
1213
1212
1232
1231
1213
1216
1214
1215
1232
1216
1233
1219
1215
1217
1234
1215
1219
1234
1216
1215
1234
1233
1216
1219
1217
1218
1234
1219
1235
1222
1218
1220
1236
1218
1222
1236
1219
1218
1236
1235
1219
1222
1220
1221
1236
1222
1237
1237
1222
1221
1237
1221
1238
1238
1221
1223
1226
1223
1224
1226
1240
1223
1240
1238
1223
1226
1224
1225
1240
1228
1241
1226
1228
1240
1228
1226
1225
1227
1228
1225
1241
1228
1242
1242
1228
1227
1242
1227
1243
1243
1227
1229
1245
1243
1230
1243
1229
1230
1308
1245
1288
1245
1230
1288
1716
1231
1232
1717
1716
1232
1232
1719
1717
1233
1719
1232
1719
1233
1234
1720
1719
1234
1234
1722
1720
1235
1722
1234
1722
1235
1236
1723
1722
1236
1239
1236
1237
1239
1725
1236
1725
1723
1236
1239
1237
1238
1725
1239
1727
1727
1239
1238
1727
1238
1728
1728
1238
1240
1730
1728
1241
1728
1240
1241
1244
1241
1242
1244
1732
1241
1732
1730
1241
1244
1242
1243
1732
1246
1734
1244
1246
1732
1246
1244
1243
1245
1246
1243
1734
1309
1777
1246
1309
1734
1309
1246
1245
1308
1309
1245
1261
1260
1248
1260
1247
1248
1262
1261
1249
1261
1248
1249
1264
1262
1251
1262
1249
1251
1267
1250
1253
1263
1250
1267
1250
1263
1264
1251
1250
1264
1268
1252
1254
1266
1252
1268
1252
1266
1267
1253
1252
1267
1271
1268
1257
1268
1254
1257
1274
1255
1259
1269
1255
1274
1269
1270
1255
1255
1270
1256
1256
1270
1271
1257
1256
1271
1258
1273
1274
1259
1258
1274
1276
1275
1261
1275
1260
1261
1278
1276
1262
1276
1261
1262
1279
1277
1265
1265
1277
1278
1265
1278
1264
1264
1278
1262
1263
1279
1265
1263
1267
1279
1267
1281
1279
1263
1265
1264
1283
1266
1268
1280
1266
1283
1266
1280
1281
1267
1266
1281
1285
1282
1272
1272
1282
1283
1272
1283
1271
1271
1283
1268
1287
1269
1274
1284
1269
1287
1285
1272
1270
1285
1270
1284
1284
1270
1269
1270
1272
1271
1273
1286
1287
1274
1273
1287
1289
1288
1276
1288
1275
1276
1292
1289
1278
1289
1276
1278
1294
1277
1279
1291
1277
1294
1277
1291
1292
1278
1277
1292
1296
1294
1281
1294
1279
1281
1299
1280
1283
1295
1280
1299
1280
1295
1296
1281
1280
1296
1302
1282
1285
1298
1282
1302
1282
1298
1299
1283
1282
1299
1305
1284
1287
1301
1284
1305
1284
1301
1302
1285
1284
1302
1286
1304
1305
1287
1286
1305
1310
1307
1290
1290
1307
1308
1290
1308
1289
1289
1308
1288
1310
1293
1311
1290
1293
1310
1293
1290
1289
1292
1293
1289
1291
1311
1293
1291
1294
1311
1294
1313
1311
1291
1293
1292
1316
1312
1297
1297
1312
1313
1297
1313
1296
1296
1313
1294
1318
1315
1300
1316
1297
1295
1315
1316
1295
1315
1295
1299
1315
1299
1300
1295
1297
1296
1320
1317
1303
1318
1300
1298
1317
1318
1298
1317
1298
1302
1317
1302
1303
1298
1300
1299
1320
1303
1301
1319
1320
1301
1319
1301
1305
1319
1305
1306
1301
1303
1302
1304
1306
1305
1307
1777
1309
1307
1310
1777
1310
1779
1777
1307
1309
1308
1782
1779
1311
1779
1310
1311
1784
1781
1314
1314
1781
1782
1314
1782
1313
1313
1782
1311
1312
1784
1314
1312
1316
1784
1316
1787
1784
1312
1314
1313
1790
1315
1318
1786
1315
1790
1315
1786
1787
1316
1315
1787
1793
1317
1320
1789
1317
1793
1317
1789
1790
1318
1317
1790
1319
1792
1793
1320
1319
1793
1421
1322
1415
1325
1324
1321
1321
1322
1421
1325
1321
1421
1325
1421
1426
1325
1426
1340
1327
1326
1323
1323
1324
1325
1327
1323
1325
1327
1325
1339
1327
1339
1341
1339
1325
1340
1327
1330
1329
1326
1327
1329
1344
1327
1341
1330
1327
1344
1332
1331
1328
1328
1329
1330
1332
1328
1330
1332
1330
1343
1332
1343
1346
1343
1330
1344
1332
1334
1333
1331
1332
1333
1348
1332
1346
1334
1332
1348
1334
1336
1335
1333
1334
1335
1350
1334
1348
1336
1334
1350
1336
1338
1337
1335
1336
1337
1351
1336
1350
1338
1336
1351
1338
1371
1370
1337
1338
1370
1386
1338
1351
1371
1338
1386
1431
1340
1426
1342
1341
1339
1339
1340
1431
1342
1339
1431
1342
1431
1438
1342
1438
1352
1342
1345
1344
1341
1342
1344
1354
1342
1352
1345
1342
1354
1347
1346
1343
1343
1344
1345
1347
1343
1345
1347
1345
1353
1347
1353
1355
1353
1345
1354
1347
1349
1348
1346
1347
1348
1358
1347
1355
1349
1347
1358
1349
1357
1360
1349
1360
1348
1348
1360
1350
1357
1349
1358
1363
1351
1360
1360
1351
1350
1398
1386
1363
1363
1386
1351
1444
1352
1438
1444
1446
1354
1352
1444
1354
1356
1355
1353
1353
1354
1446
1356
1353
1446
1356
1446
1455
1356
1455
1366
1356
1359
1358
1355
1356
1358
1367
1356
1366
1359
1356
1367
1361
1360
1357
1357
1358
1359
1357
1359
1361
1361
1359
1362
1368
1359
1367
1362
1359
1368
1361
1364
1363
1360
1361
1363
1364
1361
1365
1365
1361
1362
1369
1362
1368
1365
1362
1369
1364
1400
1398
1363
1364
1398
1400
1364
1401
1401
1364
1365
1409
1365
1369
1401
1365
1409
1460
1366
1455
1460
1462
1367
1366
1460
1367
1462
1464
1368
1367
1462
1368
1464
1465
1369
1368
1464
1369
1465
1525
1409
1369
1465
1409
1371
1373
1372
1370
1371
1372
1387
1371
1386
1373
1371
1387
1373
1376
1374
1372
1373
1374
1389
1373
1387
1376
1373
1389
1375
1374
1376
1376
1389
1390
1375
1376
1390
1375
1390
1378
1375
1378
1377
1378
1390
1392
1378
1381
1379
1377
1378
1379
1394
1378
1392
1381
1378
1394
1380
1379
1381
1381
1394
1395
1380
1381
1395
1380
1395
1384
1380
1384
1382
1384
1395
1397
1383
1382
1384
1384
1397
1501
1383
1384
1501
1383
1501
1491
1383
1491
1385
1490
1385
1491
1399
1388
1387
1399
1387
1398
1398
1387
1386
1388
1399
1402
1388
1391
1389
1387
1388
1389
1404
1388
1402
1391
1388
1404
1390
1389
1391
1391
1404
1405
1390
1391
1405
1390
1405
1393
1390
1393
1392
1393
1405
1407
1393
1396
1394
1392
1393
1394
1408
1393
1407
1396
1393
1408
1395
1394
1396
1396
1408
1512
1395
1396
1512
1395
1512
1502
1395
1502
1397
1501
1397
1502
1399
1398
1400
1402
1399
1400
1402
1400
1403
1403
1400
1401
1410
1401
1409
1403
1401
1410
1403
1406
1404
1402
1403
1404
1411
1403
1410
1406
1403
1411
1405
1404
1406
1406
1411
1528
1405
1406
1528
1405
1528
1511
1405
1511
1407
1511
1513
1408
1407
1511
1408
1512
1408
1513
1525
1526
1410
1409
1525
1410
1526
1529
1411
1410
1526
1411
1528
1411
1529
1418
1417
1412
1419
1418
1412
1413
1419
1412
1420
1419
1413
1414
1420
1413
1566
1420
1414
1562
1566
1414
1422
1421
1415
1416
1422
1415
1416
1417
1418
1422
1416
1418
1422
1418
1423
1422
1423
1428
1423
1419
1424
1418
1419
1423
1424
1420
1425
1419
1420
1424
1425
1566
1573
1420
1566
1425
1426
1422
1427
1421
1422
1426
1427
1422
1428
1429
1428
1423
1430
1429
1423
1424
1430
1423
1436
1430
1424
1436
1424
1433
1433
1424
1425
1433
1425
1582
1425
1573
1582
1432
1431
1426
1427
1432
1426
1427
1428
1429
1432
1427
1429
1432
1429
1434
1432
1434
1440
1434
1430
1435
1429
1430
1434
1435
1430
1436
1438
1432
1439
1431
1432
1438
1439
1432
1440
1437
1436
1433
1584
1437
1433
1582
1584
1433
1441
1440
1434
1442
1441
1434
1435
1442
1434
1435
1436
1437
1435
1437
1442
1442
1437
1443
1443
1437
1589
1589
1437
1584
1445
1444
1438
1439
1445
1438
1439
1440
1441
1445
1439
1441
1445
1441
1447
1445
1447
1451
1447
1442
1448
1441
1442
1447
1448
1443
1449
1442
1443
1448
1449
1589
1596
1443
1589
1449
1456
1445
1450
1456
1446
1445
1446
1444
1445
1450
1445
1451
1455
1446
1456
1452
1451
1447
1453
1452
1447
1448
1453
1447
1454
1453
1448
1449
1454
1448
1600
1454
1449
1596
1600
1449
1457
1456
1450
1450
1451
1452
1450
1452
1457
1457
1452
1458
1458
1452
1459
1459
1452
1453
1469
1454
1466
1469
1459
1454
1459
1453
1454
1466
1600
1612
1454
1600
1466
1455
1456
1457
1455
1457
1460
1460
1457
1461
1471
1458
1467
1471
1461
1458
1461
1457
1458
1467
1459
1468
1458
1459
1467
1468
1459
1469
1462
1460
1463
1463
1460
1461
1476
1461
1471
1463
1461
1476
1480
1463
1475
1480
1464
1463
1464
1462
1463
1475
1463
1476
1485
1464
1480
1465
1464
1485
1543
1465
1485
1525
1465
1543
1470
1469
1466
1614
1470
1466
1612
1614
1466
1472
1471
1467
1473
1472
1467
1468
1473
1467
1468
1469
1470
1468
1470
1473
1473
1470
1474
1474
1470
1619
1619
1470
1614
1472
1477
1476
1471
1472
1476
1477
1472
1478
1478
1472
1473
1478
1473
1479
1479
1473
1474
1479
1474
1624
1624
1474
1619
1481
1480
1475
1475
1476
1477
1475
1477
1481
1481
1477
1482
1482
1477
1483
1483
1477
1478
1483
1478
1484
1484
1478
1479
1484
1479
1630
1630
1479
1624
1481
1486
1485
1480
1481
1485
1486
1481
1487
1487
1481
1482
1487
1482
1488
1488
1482
1483
1488
1483
1489
1489
1483
1484
1489
1484
1636
1636
1484
1630
1486
1545
1543
1485
1486
1543
1545
1486
1546
1546
1486
1487
1546
1487
1547
1547
1487
1488
1547
1488
1548
1548
1488
1489
1548
1489
1692
1692
1489
1636
1491
1503
1493
1501
1503
1491
1493
1503
1505
1492
1490
1491
1493
1492
1491
1493
1505
1506
1492
1493
1506
1492
1506
1496
1492
1496
1494
1496
1508
1498
1506
1508
1496
1498
1510
1500
1508
1510
1498
1500
1655
1645
1510
1655
1500
1495
1494
1496
1497
1495
1496
1498
1497
1496
1499
1497
1498
1500
1499
1498
1644
1499
1500
1645
1644
1500
1502
1514
1504
1512
1514
1502
1504
1514
1516
1503
1501
1502
1504
1503
1502
1504
1516
1517
1503
1504
1517
1503
1517
1507
1503
1507
1505
1507
1519
1509
1517
1519
1507
1509
1519
1522
1506
1505
1507
1508
1506
1507
1509
1508
1507
1509
1522
1523
1509
1523
1508
1508
1523
1510
1523
1671
1510
1510
1671
1655
1511
1528
1531
1532
1511
1531
1532
1515
1511
1515
1513
1511
1515
1532
1536
1514
1512
1513
1515
1514
1513
1515
1536
1537
1514
1515
1537
1514
1537
1518
1514
1518
1516
1518
1539
1520
1537
1539
1518
1520
1541
1521
1539
1541
1520
1521
1683
1664
1541
1683
1521
1517
1516
1518
1519
1517
1518
1520
1519
1518
1522
1519
1520
1522
1520
1524
1524
1520
1521
1524
1521
1672
1672
1521
1664
1523
1522
1524
1671
1523
1524
1672
1671
1524
1544
1525
1543
1544
1527
1525
1527
1526
1525
1527
1544
1549
1529
1526
1530
1530
1526
1527
1553
1527
1549
1530
1527
1553
1531
1528
1529
1531
1529
1533
1533
1529
1530
1554
1530
1553
1554
1534
1530
1534
1533
1530
1534
1556
1535
1554
1556
1534
1535
1556
1559
1532
1531
1533
1536
1532
1533
1536
1533
1538
1538
1533
1534
1538
1534
1540
1540
1534
1535
1560
1535
1559
1560
1542
1535
1542
1540
1535
1542
1711
1684
1560
1711
1542
1537
1536
1538
1539
1537
1538
1540
1539
1538
1541
1539
1540
1542
1541
1540
1683
1541
1542
1684
1683
1542
1544
1543
1545
1549
1544
1545
1549
1545
1550
1550
1545
1546
1550
1546
1551
1551
1546
1547
1551
1547
1552
1552
1547
1548
1552
1548
1699
1699
1548
1692
1550
1555
1553
1549
1550
1553
1555
1550
1557
1557
1550
1551
1557
1551
1558
1558
1551
1552
1558
1552
1704
1704
1552
1699
1554
1553
1555
1556
1554
1555
1557
1556
1555
1559
1556
1557
1559
1557
1561
1561
1557
1558
1561
1558
1712
1712
1558
1704
1560
1559
1561
1711
1560
1561
1712
1711
1561
1567
1566
1562
1563
1567
1562
1568
1567
1563
1564
1568
1563
1570
1568
1564
1565
1570
1564
1570
1565
1569
1573
1567
1574
1566
1567
1573
1574
1568
1575
1567
1568
1574
1575
1570
1576
1568
1570
1575
1572
1569
1571
1578
1569
1572
1578
1570
1569
1578
1576
1570
1718
1572
1571
1716
1718
1571
1578
1572
1580
1580
1718
1736
1572
1718
1580
1582
1573
1583
1573
1574
1583
1577
1585
1583
1577
1583
1575
1575
1583
1574
1579
1577
1575
1576
1579
1575
1579
1576
1578
1585
1577
1587
1587
1579
1588
1577
1579
1587
1581
1578
1580
1592
1578
1581
1592
1579
1578
1592
1588
1579
1738
1581
1580
1736
1738
1580
1592
1581
1594
1594
1738
1751
1581
1738
1594
1586
1584
1582
1583
1586
1582
1586
1583
1585
1589
1584
1590
1590
1584
1586
1585
1587
1591
1585
1591
1586
1586
1591
1590
1593
1591
1587
1588
1593
1587
1593
1588
1592
1596
1590
1597
1589
1590
1596
1597
1591
1598
1590
1591
1597
1598
1593
1599
1591
1593
1598
1595
1592
1594
1603
1592
1595
1603
1593
1592
1603
1599
1593
1753
1595
1594
1751
1753
1594
1603
1595
1605
1605
1755
1608
1605
1595
1755
1595
1753
1755
1608
1755
1768
1601
1600
1596
1597
1601
1596
1602
1601
1597
1598
1602
1597
1604
1602
1598
1599
1604
1598
1604
1599
1603
1612
1601
1613
1600
1601
1612
1613
1606
1615
1613
1601
1606
1601
1602
1606
1606
1602
1607
1607
1602
1604
1603
1605
1609
1603
1609
1604
1604
1609
1607
1609
1605
1608
1615
1606
1617
1617
1607
1618
1606
1607
1617
1618
1610
1622
1618
1607
1610
1607
1609
1610
1608
1768
1770
1608
1770
1609
1609
1770
1610
1622
1611
1627
1610
1611
1622
1611
1610
1772
1772
1610
1770
1627
1611
1629
1629
1774
1634
1629
1611
1774
1611
1772
1774
1634
1776
1640
1774
1776
1634
1640
1824
1697
1776
1824
1640
1616
1614
1612
1613
1616
1612
1616
1613
1615
1619
1614
1620
1620
1614
1616
1615
1617
1621
1615
1621
1616
1616
1621
1620
1623
1621
1617
1618
1623
1617
1623
1618
1622
1624
1619
1625
1625
1619
1620
1625
1620
1626
1626
1620
1621
1626
1621
1628
1628
1621
1623
1628
1623
1622
1627
1628
1622
1630
1624
1631
1631
1624
1625
1631
1625
1632
1632
1625
1626
1632
1626
1633
1633
1626
1628
1627
1629
1635
1627
1635
1628
1628
1635
1633
1635
1629
1634
1636
1630
1637
1637
1630
1631
1637
1631
1638
1638
1631
1632
1638
1632
1639
1639
1632
1633
1639
1633
1641
1641
1633
1635
1641
1635
1634
1640
1641
1634
1692
1636
1693
1693
1636
1637
1693
1637
1694
1694
1637
1638
1694
1638
1695
1695
1638
1639
1695
1639
1698
1698
1639
1641
1698
1641
1640
1697
1698
1640
1660
1653
1643
1643
1806
1794
1653
1806
1643
1645
1656
1647
1655
1656
1645
1647
1657
1649
1656
1657
1647
1649
1659
1652
1657
1659
1649
1660
1643
1642
1659
1660
1642
1659
1642
1651
1659
1651
1652
1792
1642
1643
1794
1792
1643
1646
1644
1645
1647
1646
1645
1648
1646
1647
1649
1648
1647
1650
1648
1649
1652
1650
1649
1650
1652
1651
1669
1662
1654
1654
1820
1808
1662
1820
1654
1674
1666
1658
1658
1668
1661
1666
1668
1658
1669
1654
1653
1668
1669
1653
1668
1653
1660
1668
1660
1661
1806
1653
1654
1808
1806
1654
1671
1673
1655
1655
1673
1656
1674
1658
1657
1674
1657
1673
1673
1657
1656
1659
1657
1658
1661
1659
1658
1659
1661
1660
1681
1827
1819
1690
1680
1663
1681
1663
1680
1681
1819
1663
1819
1822
1663
1664
1685
1665
1683
1685
1664
1665
1687
1667
1685
1687
1665
1667
1689
1670
1687
1689
1667
1690
1663
1662
1689
1690
1662
1689
1662
1669
1689
1669
1670
1820
1662
1663
1822
1820
1663
1672
1664
1675
1675
1664
1665
1666
1674
1675
1666
1675
1667
1667
1675
1665
1668
1666
1667
1670
1668
1667
1668
1670
1669
1673
1671
1672
1675
1673
1672
1673
1675
1674
1702
1696
1676
1697
1676
1696
1697
1824
1676
1824
1826
1676
1702
1677
1709
1676
1677
1702
1677
1676
1829
1829
1676
1826
1714
1706
1678
1678
1708
1679
1706
1708
1678
1709
1679
1708
1709
1677
1679
1677
1682
1679
1827
1681
1682
1827
1682
1829
1829
1682
1677
1684
1713
1686
1711
1713
1684
1714
1686
1713
1714
1678
1686
1678
1688
1686
1688
1678
1691
1691
1678
1679
1680
1690
1691
1680
1691
1682
1682
1691
1679
1680
1682
1681
1685
1683
1684
1686
1685
1684
1687
1685
1686
1688
1687
1686
1689
1687
1688
1691
1689
1688
1689
1691
1690
1699
1692
1700
1700
1692
1693
1700
1693
1701
1701
1693
1694
1701
1694
1703
1703
1694
1695
1696
1702
1703
1696
1703
1698
1698
1703
1695
1696
1698
1697
1704
1699
1705
1705
1699
1700
1705
1700
1707
1707
1700
1701
1707
1701
1710
1710
1701
1703
1710
1703
1702
1709
1710
1702
1712
1704
1715
1715
1704
1705
1706
1714
1715
1706
1715
1707
1707
1715
1705
1708
1706
1707
1710
1708
1707
1708
1710
1709
1713
1711
1712
1715
1713
1712
1713
1715
1714
1718
1716
1717
1721
1717
1719
1737
1717
1721
1737
1718
1717
1737
1736
1718
1721
1719
1720
1737
1721
1739
1724
1720
1722
1740
1720
1724
1740
1721
1720
1740
1739
1721
1724
1722
1723
1740
1726
1742
1724
1726
1740
1726
1724
1723
1725
1726
1723
1742
1726
1744
1729
1725
1727
1745
1725
1729
1745
1726
1725
1745
1744
1726
1729
1727
1728
1745
1731
1747
1729
1731
1745
1731
1729
1728
1730
1731
1728
1747
1733
1749
1731
1733
1747
1733
1731
1730
1732
1733
1730
1749
1735
1750
1733
1735
1749
1735
1733
1732
1734
1735
1732
1750
1778
1795
1735
1778
1750
1778
1735
1734
1777
1778
1734
1738
1736
1737
1741
1737
1739
1752
1737
1741
1752
1738
1737
1752
1751
1738
1741
1739
1740
1752
1743
1754
1741
1743
1752
1743
1741
1740
1742
1743
1740
1754
1743
1756
1746
1742
1744
1757
1742
1746
1757
1743
1742
1757
1756
1743
1746
1744
1745
1757
1748
1759
1746
1748
1757
1748
1746
1745
1747
1748
1745
1759
1748
1761
1761
1748
1747
1761
1747
1763
1763
1747
1749
1766
1763
1750
1763
1749
1750
1811
1766
1795
1766
1750
1795
1753
1751
1752
1755
1753
1752
1754
1755
1752
1758
1754
1756
1769
1754
1758
1769
1755
1754
1769
1768
1755
1758
1756
1757
1769
1760
1771
1758
1760
1769
1760
1758
1757
1759
1760
1757
1771
1762
1773
1760
1762
1771
1759
1761
1764
1759
1764
1760
1760
1764
1762
1764
1761
1763
1773
1765
1775
1762
1765
1773
1765
1762
1767
1767
1762
1764
1767
1764
1763
1766
1767
1763
1775
1809
1823
1765
1809
1775
1809
1765
1812
1812
1765
1767
1812
1767
1766
1811
1812
1766
1770
1768
1769
1772
1770
1769
1771
1772
1769
1774
1772
1771
1773
1774
1771
1776
1774
1773
1775
1776
1773
1824
1776
1775
1823
1824
1775
1795
1780
1796
1778
1780
1795
1780
1778
1777
1779
1780
1777
1796
1783
1799
1780
1783
1796
1783
1780
1779
1782
1783
1779
1801
1798
1785
1799
1783
1781
1798
1799
1781
1798
1781
1784
1798
1784
1785
1781
1783
1782
1801
1788
1804
1785
1788
1801
1788
1785
1784
1787
1788
1784
1807
1803
1791
1804
1788
1786
1803
1804
1786
1803
1786
1790
1803
1790
1791
1786
1788
1787
1807
1791
1789
1806
1807
1789
1806
1789
1793
1806
1793
1794
1789
1791
1790
1792
1794
1793
1813
1810
1797
1797
1810
1811
1797
1811
1796
1796
1811
1795
1813
1800
1816
1797
1800
1813
1800
1797
1796
1799
1800
1796
1818
1815
1802
1816
1800
1798
1815
1816
1798
1815
1798
1801
1815
1801
1802
1798
1800
1799
1818
1805
1821
1802
1805
1818
1805
1802
1801
1804
1805
1801
1821
1805
1803
1820
1821
1803
1820
1803
1807
1820
1807
1808
1803
1805
1804
1806
1808
1807
1823
1814
1825
1809
1814
1823
1810
1813
1814
1810
1814
1812
1812
1814
1809
1810
1812
1811
1825
1817
1828
1814
1817
1825
1817
1814
1813
1816
1817
1813
1828
1817
1815
1827
1828
1815
1827
1815
1818
1827
1818
1819
1815
1817
1816
1822
1819
1818
1821
1822
1818
1820
1822
1821
1826
1824
1823
1825
1826
1823
1829
1826
1825
1828
1829
1825
1827
1829
1828
