3
1
0
2
3
0
5
3
2
4
5
2
7
5
4
6
7
4
9
7
6
8
9
6
11
9
8
10
11
8
13
11
10
12
13
10
15
13
12
14
15
12
17
15
14
16
17
14
19
17
16
18
19
16
21
19
18
20
21
18
23
21
20
22
23
20
25
23
22
24
25
22
27
25
24
26
27
24
29
27
26
28
29
26
31
29
28
30
31
28
33
31
30
32
33
30
35
33
32
34
35
32
37
35
34
36
37
34
39
37
36
38
39
36
41
39
38
40
41
38
43
41
40
42
43
40
45
43
42
44
45
42
47
45
44
46
47
44
49
47
46
48
49
46
51
49
48
50
51
48
53
51
50
52
53
50
55
53
52
54
55
52
57
55
54
56
57
54
59
57
56
58
59
56
61
59
58
60
61
58
63
61
60
62
63
60
65
63
62
64
65
62
67
65
64
66
67
64
69
67
66
68
69
66
71
69
68
70
71
68
73
71
70
72
73
70
75
73
72
74
75
72
77
75
74
76
77
74
79
77
76
78
79
76
81
79
78
80
81
78
83
81
80
82
83
80
85
83
82
84
85
82
87
85
84
86
87
84
89
87
86
88
89
86
91
89
88
90
91
88
93
91
90
92
93
90
95
93
92
94
95
92
97
95
94
96
97
94
99
97
96
98
99
96
101
99
98
100
101
98
103
101
100
102
103
100
105
103
102
104
105
102
107
105
104
106
107
104
109
107
106
108
109
106
283
109
108
282
283
108
110
111
116
115
110
116
111
112
117
116
111
117
112
113
118
117
112
118
113
114
119
118
113
119
114
120
125
119
114
125
120
121
126
125
120
126
121
122
127
126
121
127
122
123
128
127
122
128
123
124
129
128
123
129
124
130
135
129
124
135
130
131
136
135
130
136
131
132
137
136
131
137
132
133
138
137
132
138
133
134
139
138
133
139
134
140
145
139
134
145
140
141
146
145
140
146
141
142
147
146
141
147
142
143
148
147
142
148
143
144
149
148
143
149
144
150
155
149
144
155
150
151
156
155
150
156
151
152
157
156
151
157
152
153
158
157
152
158
153
154
159
158
153
159
154
160
165
159
154
165
160
161
166
165
160
166
161
162
167
166
161
167
162
163
168
167
162
168
163
164
169
168
163
169
164
170
175
169
164
175
170
171
176
175
170
176
171
172
177
176
171
177
172
173
178
177
172
178
173
174
179
178
173
179
174
180
185
179
174
185
180
181
186
185
180
186
181
182
187
186
181
187
182
183
188
187
182
188
183
184
189
188
183
189
184
190
195
189
184
195
190
191
196
195
190
196
191
192
197
196
191
197
192
193
198
197
192
198
193
194
199
198
193
199
194
200
205
199
194
205
200
201
206
205
200
206
201
202
207
206
201
207
202
203
208
207
202
208
203
204
209
208
203
209
204
210
215
209
204
215
210
211
216
215
210
216
211
212
217
216
211
217
212
213
218
217
212
218
213
214
219
218
213
219
214
321
354
219
214
354
251
252
221
220
251
221
252
253
222
221
252
222
253
254
223
222
253
223
254
255
224
223
254
224
255
256
225
224
255
225
256
257
226
225
256
226
257
258
227
226
257
227
258
259
228
227
258
228
259
260
229
228
259
229
260
261
230
229
260
230
261
262
231
230
261
231
262
263
232
231
262
232
263
264
233
232
263
233
264
265
234
233
264
234
265
266
235
234
265
235
266
267
236
235
266
236
267
268
237
236
267
237
268
269
238
237
268
238
269
270
239
238
269
239
270
271
240
239
270
240
271
272
241
240
271
241
272
273
242
241
272
242
273
274
243
242
273
243
274
275
244
243
274
244
275
276
245
244
275
245
276
277
246
245
276
246
277
278
247
246
277
247
278
279
248
247
278
248
279
280
249
248
279
249
280
281
250
249
280
250
281
326
290
250
281
290
285
283
282
284
285
282
288
285
284
286
288
284
319
287
316
323
289
318
319
286
287
318
286
319
318
288
286
318
289
288
326
327
291
290
326
291
327
328
292
291
327
292
328
329
293
292
328
293
329
330
294
293
329
294
330
331
295
294
330
295
331
332
296
295
331
296
332
333
297
296
332
297
333
334
298
297
333
298
334
335
299
298
334
299
335
336
300
299
335
300
336
337
301
300
336
301
337
338
302
301
337
302
338
339
303
302
338
303
339
340
304
303
339
304
340
341
305
304
340
305
341
342
306
305
341
306
342
343
307
306
342
307
343
344
308
307
343
308
344
345
309
308
344
309
345
346
310
309
345
310
346
347
311
310
346
311
347
348
312
311
347
312
348
349
313
312
348
313
349
350
314
313
349
314
350
351
315
314
350
315
351
353
317
315
351
317
357
320
352
353
316
317
352
316
353
352
319
316
352
320
319
321
322
355
354
321
355
322
324
356
355
322
356
357
318
320
356
318
357
356
323
318
356
324
323
359
358
325
320
318
319
