16843009
16843009
3
113
83
3
88
5
83
88
3
5
90
8
88
90
5
10
7
0
8
0
7
8
90
0
90
92
0
10
1
11
0
1
10
1
0
94
94
0
92
11
2
12
1
2
11
2
1
96
96
1
94
12
2
13
13
98
14
13
2
98
2
96
98
14
135
16
98
135
14
537
693
109
537
115
539
109
115
537
541
538
4
539
115
113
538
539
113
538
113
3
538
3
4
541
6
542
4
6
541
6
4
3
5
6
3
542
9
544
6
9
542
9
6
5
8
9
5
7
544
9
7
10
544
10
546
544
7
9
8
548
546
11
546
10
11
550
548
12
548
11
12
15
12
13
15
552
12
552
550
12
15
13
14
552
17
633
15
17
552
17
15
14
16
17
14
16
137
18
135
137
16
18
137
151
633
19
635
17
19
633
19
17
16
18
19
16
635
19
636
153
18
151
637
18
153
637
19
18
637
636
19
637
155
639
153
155
637
639
155
736
27
213
171
27
176
32
171
176
27
35
31
20
32
20
31
32
176
20
176
181
20
35
21
38
20
21
35
21
20
186
186
20
181
38
22
41
21
22
38
22
21
191
191
21
186
41
22
43
43
196
46
43
22
196
22
191
196
46
253
117
196
253
46
53
49
23
23
228
205
49
228
23
55
52
24
53
24
52
53
23
24
23
25
24
25
23
214
214
23
205
55
26
59
24
26
55
26
24
28
28
24
25
213
27
28
213
28
214
214
28
25
61
58
29
59
29
58
59
26
29
26
30
29
30
26
33
33
26
28
33
28
27
32
33
27
61
34
63
29
34
61
34
29
36
36
29
30
31
35
36
31
36
33
33
36
30
31
33
32
63
37
65
34
37
63
37
34
39
39
34
36
39
36
35
38
39
35
65
40
67
37
40
65
40
37
42
42
37
39
42
39
38
41
42
38
67
44
69
40
44
67
44
40
45
45
40
42
41
43
47
41
47
42
42
47
45
47
43
46
69
44
71
71
116
123
71
44
116
44
45
116
116
45
118
118
45
47
118
47
46
117
118
46
76
234
219
79
73
48
48
75
50
73
75
48
76
50
75
76
219
50
219
230
50
81
78
51
79
51
78
79
48
51
48
54
51
49
53
54
49
54
50
50
54
48
228
49
50
230
228
50
81
56
85
51
56
81
52
55
56
52
56
54
54
56
51
52
54
53
87
84
57
85
57
84
85
56
57
56
60
57
60
56
55
59
60
55
87
62
89
57
62
87
58
61
62
58
62
60
60
62
57
58
60
59
89
64
91
62
64
89
64
62
61
63
64
61
91
66
93
64
66
91
66
64
63
65
66
63
93
68
95
66
68
93
68
66
65
67
68
65
95
70
97
68
70
95
70
68
67
69
70
67
97
122
134
70
122
97
69
71
124
69
124
70
70
124
122
124
71
123
103
99
72
72
247
235
99
247
72
107
102
74
103
74
102
103
72
74
72
77
74
234
76
77
234
77
235
235
77
72
111
106
80
107
74
73
106
107
73
106
73
79
106
79
80
75
73
74
77
75
74
75
77
76
114
110
82
111
80
78
110
111
78
110
78
81
110
81
82
78
80
79
114
83
113
114
82
83
82
86
83
86
82
81
85
86
81
84
87
88
84
88
86
86
88
83
84
86
85
90
88
87
89
90
87
92
90
89
91
92
89
94
92
91
93
94
91
96
94
93
95
96
93
98
96
95
97
98
95
135
98
97
134
135
97
688
685
100
100
787
248
685
787
100
691
686
101
101
687
104
686
687
101
688
100
99
687
688
99
687
99
103
687
103
104
247
99
100
248
247
100
694
690
105
691
105
690
691
101
105
101
108
105
102
107
108
102
108
104
104
108
101
102
104
103
694
109
693
694
105
109
105
112
109
106
111
112
106
112
108
108
112
105
106
108
107
110
114
115
110
115
112
112
115
109
110
112
111
113
115
114
117
253
261
123
119
125
116
119
123
119
116
120
120
116
118
117
261
263
117
263
118
118
263
120
125
119
127
127
121
129
127
119
121
119
120
121
121
120
270
270
120
263
129
121
131
131
270
279
121
270
131
134
122
136
136
126
138
136
122
126
122
124
126
126
124
123
125
126
123
138
128
140
126
128
138
125
127
130
125
130
126
126
130
128
130
127
129
140
128
142
142
132
143
142
128
132
128
130
132
129
131
133
129
133
130
130
133
132
281
133
131
279
281
131
143
132
145
145
133
146
132
133
145
146
286
148
146
133
286
133
281
286
148
286
291
134
136
139
134
139
135
135
139
137
139
136
138
151
141
152
151
137
141
137
139
141
141
139
138
140
141
138
152
141
154
144
140
142
156
140
144
156
141
140
156
154
141
144
142
143
156
144
158
147
143
145
160
143
147
160
144
143
160
158
144
149
147
145
146
149
145
149
146
148
160
147
162
162
150
164
162
147
150
147
149
150
148
291
296
148
296
149
149
296
150
164
150
166
166
296
304
150
296
166
153
151
152
152
154
157
152
157
153
153
157
155
157
154
156
736
159
737
736
155
159
155
157
159
156
158
161
156
161
157
157
161
159
161
158
160
737
159
739
739
163
740
739
159
163
159
161
163
160
162
165
160
165
161
161
165
163
165
162
164
740
163
742
742
165
743
163
165
742
167
164
166
744
164
167
744
165
164
744
743
165
306
167
166
304
306
166
744
167
746
746
306
830
167
306
746
216
207
168
168
209
169
207
209
168
169
211
170
209
211
169
170
211
218
171
215
172
213
215
171
216
172
215
216
168
172
168
173
172
173
168
174
174
168
169
174
169
175
175
169
170
332
170
218
332
313
170
313
175
170
176
171
177
177
171
172
177
172
178
178
172
173
178
173
179
179
173
174
179
174
180
180
174
175
180
175
315
315
175
313
181
176
182
182
176
177
182
177
183
183
177
178
183
178
184
184
178
179
184
179
185
185
179
180
185
180
317
317
180
315
186
181
187
187
181
182
187
182
188
188
182
183
188
183
189
189
183
184
189
184
190
190
184
185
190
185
320
320
185
317
191
186
192
192
186
187
192
187
193
193
187
188
193
188
194
194
188
189
194
189
195
195
189
190
195
190
323
323
190
320
196
191
197
197
191
192
197
192
198
198
192
193
198
193
199
199
193
194
199
194
200
200
194
195
200
195
326
326
195
323
253
196
254
254
196
197
254
197
255
255
197
198
255
198
256
256
198
199
256
199
257
257
199
200
257
200
413
413
200
326
229
220
201
201
222
202
220
222
201
202
224
203
222
224
202
203
226
204
224
226
203
204
360
328
226
360
204
229
205
228
229
201
205
201
206
205
206
201
208
208
201
202
208
202
210
210
202
203
210
203
212
212
203
204
212
204
329
329
204
328
214
205
217
217
205
206
207
216
217
207
217
208
208
217
206
209
207
208
210
209
208
211
209
210
212
211
210
218
211
212
218
212
333
333
212
329
215
213
214
217
215
214
215
217
216
332
218
333
219
236
221
234
236
219
221
238
223
236
238
221
223
240
225
238
240
223
225
242
227
240
242
225
227
384
361
242
384
227
220
229
230
220
230
221
221
230
219
222
220
221
223
222
221
224
222
223
225
224
223
226
224
225
227
226
225
360
226
227
361
360
227
228
230
229
250
244
231
231
245
232
244
245
231
232
246
233
245
246
232
233
246
252
235
249
237
247
249
235
250
237
249
250
231
237
231
239
237
239
231
241
241
231
232
241
232
243
243
232
233
399
233
252
399
385
233
385
243
233
236
234
235
237
236
235
238
236
237
239
238
237
240
238
239
241
240
239
242
240
241
243
242
241
384
242
243
385
384
243
248
789
251
787
789
248
251
244
250
251
789
244
789
791
244
791
793
244
244
793
245
793
795
245
245
795
246
252
873
400
252
246
873
246
795
873
249
247
248
251
249
248
249
251
250
399
252
400
261
254
262
253
254
261
262
258
264
262
254
258
254
255
258
258
255
259
259
255
256
259
256
260
260
256
257
269
413
415
269
260
413
260
257
413
264
258
266
266
259
267
258
259
266
267
260
268
259
260
267
268
260
269
265
263
261
262
265
261
265
262
264
420
269
415
270
263
271
271
263
265
264
266
272
264
272
265
265
272
271
273
272
266
267
273
266
274
273
267
268
274
267
268
269
420
268
420
274
274
420
424
279
275
280
279
270
275
270
271
275
275
271
276
276
271
272
276
272
277
277
272
273
277
273
278
278
273
274
278
274
427
427
274
424
280
275
282
282
276
283
275
276
282
283
277
284
276
277
283
284
278
285
277
278
284
285
427
438
278
427
285
281
279
280
280
282
287
280
287
281
281
287
286
288
287
282
283
288
282
289
288
283
284
289
283
290
289
284
285
290
284
443
290
285
438
443
285
291
287
292
286
287
291
292
288
293
287
288
292
293
289
294
288
289
293
294
290
295
289
290
294
295
443
452
290
443
295
297
296
291
292
297
291
298
297
292
293
298
292
299
298
293
294
299
293
300
299
294
295
300
294
457
300
295
452
457
295
304
297
305
296
297
304
305
301
307
305
297
301
297
298
301
301
298
302
302
298
299
302
299
303
303
299
300
312
457
465
312
303
457
303
300
457
307
301
309
309
302
310
301
302
309
310
303
311
302
303
310
311
303
312
308
306
304
305
308
304
308
305
307
471
312
465
830
308
831
306
308
830
307
831
308
307
309
831
309
832
831
832
309
833
309
310
833
833
310
834
310
311
834
471
311
312
471
925
311
925
834
311
313
334
314
332
334
313
314
334
338
315
313
316
316
313
314
341
314
338
316
314
341
317
315
318
318
315
316
342
316
341
342
319
316
319
318
316
319
342
346
320
317
321
321
317
318
321
318
322
322
318
319
349
319
346
322
319
349
323
320
324
324
320
321
324
321
325
325
321
322
353
322
349
325
322
353
326
323
327
327
323
324
356
325
352
356
327
325
327
324
325
352
325
353
413
326
414
414
326
327
417
327
356
414
327
417
328
360
363
364
328
363
364
330
328
330
329
328
330
366
331
364
366
330
331
366
369
333
329
335
335
329
330
335
330
336
336
330
331
370
331
369
370
337
331
337
336
331
337
370
373
334
332
333
335
334
333
338
334
335
338
335
339
339
335
336
339
336
340
340
336
337
375
337
373
340
337
375
339
343
341
338
339
341
343
339
344
344
339
340
376
340
375
376
345
340
345
344
340
345
376
378
342
341
343
346
342
343
346
343
347
347
343
344
347
344
348
348
344
345
379
345
378
348
345
379
347
350
349
346
347
349
350
347
351
351
347
348
380
348
379
351
348
380
350
354
353
349
350
353
354
350
355
355
350
351
381
351
380
355
351
381
357
356
352
352
353
354
352
354
357
357
354
358
358
354
359
359
354
355
383
355
381
359
355
383
357
418
417
356
357
417
418
357
419
419
357
358
428
359
382
428
419
359
419
358
359
382
359
383
361
386
362
384
386
361
362
386
389
363
360
361
363
361
365
365
361
362
390
362
389
390
367
362
367
365
362
367
392
368
390
392
367
368
392
394
364
363
365
366
364
365
367
366
365
369
366
367
369
367
371
371
367
368
395
368
394
395
372
368
372
371
368
372
395
397
370
369
371
373
370
371
373
371
374
374
371
372
398
372
397
374
372
398
374
377
375
373
374
375
481
374
398
481
474
374
474
377
374
376
375
377
378
376
377
378
377
475
475
377
474
475
476
379
378
475
379
476
477
380
379
476
380
477
478
381
380
477
381
478
479
383
381
478
383
429
428
382
382
383
479
382
479
429
429
479
519
385
401
387
399
401
385
387
403
388
401
403
387
388
403
405
386
384
385
387
386
385
389
386
387
389
387
391
391
387
388
406
388
405
406
393
388
393
391
388
393
406
409
390
389
391
392
390
391
393
392
391
393
409
410
392
393
410
392
410
396
392
396
394
396
410
412
395
394
396
396
412
500
395
396
500
395
500
480
395
480
397
480
482
398
397
480
398
481
398
482
400
875
402
873
875
400
402
877
404
875
877
402
404
877
878
401
399
400
402
401
400
403
401
402
404
403
402
404
878
879
403
404
879
403
879
407
403
407
405
407
881
408
879
881
407
408
881
882
406
405
407
409
406
407
409
407
411
411
407
408
971
408
882
971
499
408
499
411
408
410
409
411
412
410
411
412
411
501
501
411
499
500
412
501
415
414
416
413
414
415
416
414
417
421
420
415
416
421
415
416
417
418
416
418
421
421
418
422
422
418
423
423
418
419
431
419
428
423
419
431
424
420
425
425
420
421
425
421
426
426
421
422
435
423
430
435
426
423
426
422
423
430
423
431
439
425
433
439
427
425
427
424
425
433
426
434
425
426
433
434
426
435
438
427
439
429
432
431
428
429
431
445
519
520
445
432
519
432
429
519
436
435
430
430
431
432
430
432
436
436
432
437
447
432
445
437
432
447
440
439
433
441
440
433
434
441
433
434
435
436
434
436
441
441
436
442
450
437
446
450
442
437
442
436
437
446
437
447
438
439
440
438
440
443
443
440
444
454
441
448
454
444
441
444
440
441
448
442
449
441
442
448
449
442
450
452
444
453
443
444
452
453
444
454
523
445
520
523
525
447
445
523
447
451
450
446
446
447
525
451
446
525
451
525
531
451
531
461
455
454
448
456
455
448
449
456
448
449
450
451
456
449
451
456
451
460
456
460
463
460
451
461
458
457
452
453
458
452
453
454
455
453
455
458
458
455
459
468
456
462
468
459
456
459
455
456
462
456
463
465
458
466
457
458
465
466
459
467
458
459
466
467
459
468
534
461
531
464
463
460
460
461
534
460
534
464
464
534
536
469
468
462
462
463
464
462
464
469
469
464
470
924
536
1083
924
470
536
470
464
536
472
471
465
466
472
465
473
472
466
467
473
466
467
468
469
473
467
469
473
469
922
473
922
928
922
470
923
469
470
922
923
470
924
925
472
926
471
472
925
926
473
927
472
473
926
927
473
928
474
481
484
486
474
484
475
474
486
488
475
486
476
475
488
491
476
488
477
476
491
494
477
491
478
477
494
497
478
494
479
478
497
521
479
497
519
479
521
480
500
503
504
480
503
504
483
480
483
482
480
483
504
506
484
481
482
484
482
485
485
482
483
508
483
506
485
483
508
485
487
486
484
485
486
510
485
508
487
485
510
487
489
488
486
487
488
511
487
510
511
490
487
490
489
487
490
511
513
489
492
491
488
489
491
492
489
493
493
489
490
514
490
513
493
490
514
492
495
494
491
492
494
495
492
496
496
492
493
516
493
514
496
493
516
495
498
497
494
495
497
517
496
515
517
498
496
498
495
496
515
496
516
498
522
521
497
498
521
526
498
517
522
498
526
499
971
973
974
499
973
974
502
499
502
501
499
502
974
976
503
500
501
503
501
505
505
501
502
977
502
976
505
502
977
504
503
505
505
977
978
504
505
978
504
978
507
504
507
506
507
978
980
507
509
508
506
507
508
981
507
980
509
507
981
509
512
510
508
509
510
983
509
981
512
509
983
511
510
512
512
513
511
512
983
513
983
985
513
987
514
985
985
514
513
989
516
987
987
516
514
518
517
515
515
991
518
515
516
991
516
989
991
518
527
526
517
518
526
1075
518
991
527
518
1075
520
519
521
520
521
522
520
522
523
523
522
524
529
522
526
524
522
529
532
524
528
532
525
524
525
523
524
528
524
529
531
525
532
527
530
529
526
527
529
1078
527
1075
530
527
1078
533
532
528
528
529
530
533
528
530
533
530
1077
533
1077
1079
1077
530
1078
531
532
533
531
533
534
534
533
535
1082
533
1079
535
533
1082
1084
535
1081
1084
536
535
536
534
535
1081
535
1082
1083
536
1084
554
705
695
693
554
695
693
537
554
537
556
554
558
555
540
540
555
556
540
556
539
539
556
537
538
558
540
538
541
558
541
561
558
538
540
539
563
560
543
543
560
561
543
561
542
542
561
541
563
545
564
543
545
563
545
543
542
544
545
542
564
547
566
545
547
564
547
545
544
546
547
544
566
549
568
547
549
566
549
547
546
548
549
546
568
551
570
549
551
568
551
549
548
550
551
548
570
553
572
551
553
570
553
551
550
552
553
550
572
634
640
553
634
572
634
553
552
633
634
552
574
714
707
705
574
707
705
554
574
554
576
574
579
575
557
557
575
576
557
576
556
556
576
554
581
578
559
579
557
555
578
579
555
578
555
558
578
558
559
555
557
556
581
562
582
559
562
581
562
559
558
561
562
558
560
582
562
560
563
582
563
585
582
560
562
561
587
584
565
565
584
585
565
585
564
564
585
563
587
567
588
565
567
587
567
565
564
566
567
564
588
569
589
567
569
588
569
567
566
568
569
566
589
571
590
569
571
589
571
569
568
570
571
568
590
573
591
571
573
590
573
571
570
572
573
570
591
573
592
592
573
572
592
572
650
650
572
640
594
714
574
725
714
594
597
593
577
577
593
594
577
594
576
576
594
574
598
596
580
597
577
575
596
597
575
596
575
579
596
579
580
575
577
576
578
598
580
578
581
598
581
600
598
578
580
579
602
599
583
583
599
600
583
600
582
582
600
581
602
586
603
583
586
602
586
583
582
585
586
582
584
603
586
584
587
603
587
604
603
584
586
585
605
604
588
604
587
588
607
605
589
605
588
589
609
607
590
607
589
590
611
609
591
609
590
591
651
591
592
651
662
591
662
611
591
651
592
650
613
732
727
614
612
595
613
727
725
612
613
725
612
725
594
612
594
595
593
614
595
593
597
614
597
616
614
593
595
594
619
596
598
615
596
619
596
615
616
597
596
616
620
618
601
601
618
619
601
619
600
600
619
598
599
620
601
599
602
620
602
621
620
599
601
600
622
621
603
621
602
603
625
622
604
622
603
604
627
624
606
606
624
625
606
625
605
605
625
604
627
608
628
606
608
627
608
606
605
607
608
605
628
610
629
608
610
628
610
608
607
609
610
607
629
610
630
630
610
609
630
609
631
631
609
611
673
631
662
631
611
662
1158
732
613
1309
732
1158
1160
612
614
1157
612
1160
612
1157
1158
613
612
1158
1161
1159
617
617
1159
1160
617
1160
616
616
1160
614
615
1161
617
615
619
1161
619
1163
1161
615
617
616
1165
618
620
1162
618
1165
618
1162
1163
619
618
1163
1167
1165
621
1165
620
621
1168
1166
623
623
1166
1167
623
1167
622
622
1167
621
1168
626
1169
623
626
1168
626
623
622
625
626
622
624
1169
626
624
627
1169
627
1170
1169
624
626
625
1171
1170
628
1170
627
628
1172
1171
629
1171
628
629
632
629
630
632
1173
629
1173
1172
629
632
630
631
1173
674
1242
632
674
1173
674
632
631
673
674
631
640
634
641
641
634
633
641
633
642
642
633
635
638
635
636
638
644
635
644
642
635
638
636
637
644
638
646
646
638
637
646
637
647
647
637
639
738
639
736
738
649
639
649
647
639
649
738
747
643
640
641
643
652
640
652
650
640
643
641
642
652
645
654
643
645
652
645
643
642
644
645
642
654
645
655
648
644
646
656
644
648
656
645
644
656
655
645
648
646
647
656
648
658
658
648
647
658
647
659
659
647
649
749
649
747
749
661
649
661
659
649
661
749
759
662
653
663
651
653
662
653
651
650
652
653
650
663
653
664
664
653
652
664
652
665
665
652
654
657
654
655
657
667
654
667
665
654
657
655
656
667
657
668
660
656
658
669
656
660
669
657
656
669
668
657
660
658
659
669
660
670
670
660
659
670
659
671
671
659
661
661
769
671
759
769
661
675
673
663
673
662
663
666
663
664
666
676
663
676
675
663
666
664
665
676
666
677
677
666
665
677
665
678
678
665
667
667
679
678
668
679
667
679
668
669
680
679
669
672
669
670
672
682
669
682
680
669
672
670
671
682
672
683
771
671
769
684
671
771
684
672
671
684
683
672
684
771
779
1242
674
1243
1243
674
673
1243
673
1244
1244
673
675
1245
1244
676
1244
675
676
676
1246
1245
677
1246
676
1246
677
678
1247
1246
678
681
678
679
681
1249
678
1249
1247
678
681
679
680
1249
681
1250
1250
681
680
1250
680
1251
1251
680
682
682
1252
1251
683
1252
682
1252
683
684
1253
1252
684
684
1345
1253
779
1345
684
699
797
788
703
696
689
689
685
688
689
696
685
696
698
685
699
788
787
699
787
698
698
787
685
706
701
692
692
686
691
692
701
686
701
702
686
703
689
687
703
687
702
702
687
686
687
689
688
706
692
690
705
706
690
705
690
694
705
694
695
690
692
691
693
695
694
712
708
697
697
709
700
708
709
697
700
797
699
700
709
797
709
810
797
716
711
704
712
697
696
711
712
696
711
696
703
711
703
704
698
696
697
700
698
697
698
700
699
707
701
706
707
714
701
714
715
701
716
704
702
716
702
715
715
702
701
702
704
703
705
707
706
721
718
710
710
813
812
718
813
710
724
719
713
713
708
712
713
719
708
719
720
708
721
710
709
721
709
720
720
709
708
810
709
710
812
810
710
726
723
717
724
713
711
723
724
711
723
711
716
723
716
717
711
713
712
726
717
715
726
715
725
725
715
714
715
717
716
731
728
722
722
718
721
722
728
718
728
729
718
729
824
718
718
824
813
734
719
724
730
719
734
731
722
720
731
720
730
730
720
719
720
722
721
727
723
726
727
732
723
732
733
723
723
733
734
724
723
734
725
727
726
1304
1388
825
1307
728
731
1302
728
1307
1302
1303
728
728
1303
729
1304
825
824
1304
824
1303
1303
824
729
1310
1305
735
735
730
734
735
1305
730
1305
1306
730
730
1306
1307
731
730
1307
1310
735
733
1310
733
1309
1309
733
732
733
735
734
738
736
737
741
737
739
748
737
741
748
738
737
748
747
738
741
739
740
748
741
750
740
750
741
740
742
750
742
751
750
745
752
751
745
751
743
743
751
742
745
743
744
752
745
754
744
754
745
744
746
754
746
755
754
835
757
755
835
755
830
830
755
746
757
835
840
749
747
748
748
759
749
748
750
759
750
760
759
753
761
760
753
760
751
751
760
750
753
751
752
761
753
763
756
752
754
764
752
756
764
753
752
764
763
753
758
756
754
755
758
754
758
755
757
764
756
766
766
758
767
756
758
766
757
767
758
757
840
767
840
849
767
762
770
769
762
769
760
760
769
759
762
760
761
770
762
772
765
761
763
773
761
765
773
762
761
773
772
762
765
763
764
773
765
774
764
774
765
764
766
774
766
775
774
768
776
775
768
775
767
767
775
766
851
768
767
849
851
767
776
768
778
778
851
856
768
851
778
771
769
770
770
779
771
770
772
779
772
780
779
780
772
773
781
780
773
773
783
781
774
783
773
777
784
783
777
783
775
775
783
774
777
775
776
784
777
785
776
785
777
776
778
785
778
786
785
786
778
864
778
856
864
782
1346
1345
782
1345
780
780
1345
779
782
780
781
1346
782
1347
781
1347
782
781
783
1347
783
1348
1347
1348
783
784
1349
1348
784
784
1351
1349
785
1351
784
1351
785
1352
785
786
1352
866
1353
1352
866
1352
864
864
1352
786
1353
866
1413
788
798
790
797
798
788
790
800
792
798
800
790
792
802
794
800
802
792
794
804
796
802
804
794
796
883
874
804
883
796
789
787
788
790
789
788
791
789
790
792
791
790
793
791
792
794
793
792
795
793
794
796
795
794
873
795
796
874
873
796
811
806
799
799
807
801
806
807
799
801
808
803
807
808
801
803
809
805
808
809
803
805
894
884
809
894
805
811
799
798
811
798
810
810
798
797
800
798
799
801
800
799
802
800
801
803
802
801
804
802
803
805
804
803
883
804
805
884
883
805
812
806
811
812
813
806
813
814
806
814
815
806
806
815
807
815
817
807
807
817
808
817
819
808
808
819
809
819
905
809
809
905
894
810
812
811
827
821
816
816
822
818
821
822
816
818
823
820
822
823
818
820
823
829
824
826
813
813
826
814
827
816
815
827
815
826
826
815
814
817
815
816
818
817
816
819
817
818
820
819
818
820
829
913
820
913
819
819
913
905
825
1389
828
1388
1389
825
828
821
827
828
1389
821
1389
1390
821
1390
1391
821
821
1391
822
1391
1392
822
822
1392
823
829
1438
914
829
823
1438
823
1392
1438
826
824
825
828
826
825
826
828
827
913
829
914
836
835
830
831
836
830
837
836
831
832
837
831
838
837
832
833
838
832
839
838
833
834
839
833
930
839
834
925
930
834
840
836
841
835
836
840
841
837
842
836
837
841
842
838
843
837
838
842
843
839
844
838
839
843
844
930
937
839
930
844
845
850
849
845
849
841
841
849
840
846
845
841
842
846
841
847
846
842
843
847
842
848
847
843
844
848
843
942
848
844
937
942
844
850
845
852
852
846
853
845
846
852
853
847
854
846
847
853
854
848
855
847
848
854
855
942
950
848
942
855
851
849
850
850
856
851
850
852
856
852
857
856
857
852
858
852
853
858
858
853
859
853
854
859
859
854
860
854
855
860
860
855
957
855
950
957
864
856
865
856
857
865
861
867
865
861
865
858
858
865
857
862
861
858
859
862
858
863
862
859
860
863
859
872
863
860
872
860
964
964
860
957
867
861
869
869
862
870
861
862
869
870
863
871
862
863
870
871
863
872
868
866
864
865
868
864
868
865
867
969
872
964
1413
868
1414
866
868
1413
867
1414
868
867
869
1414
869
1415
1414
1415
869
1416
869
870
1416
1416
870
1417
870
871
1417
969
871
872
969
1481
871
1481
1417
871
874
885
876
883
885
874
876
885
886
875
873
874
876
875
874
876
886
887
876
887
875
875
887
877
878
889
880
878
877
889
877
887
889
880
889
891
879
878
880
880
891
892
880
892
879
879
892
881
882
993
972
882
881
993
881
892
993
971
882
972
884
894
895
884
895
896
884
896
883
883
896
885
886
898
888
886
885
898
885
896
898
888
900
890
898
900
888
890
900
901
887
886
888
889
887
888
890
889
888
890
901
902
889
890
902
889
902
893
889
893
891
893
902
904
892
891
893
893
904
1017
893
1017
892
892
1017
993
895
906
897
895
894
906
894
905
906
897
907
899
906
907
897
899
907
908
896
895
897
898
896
897
899
898
897
899
908
909
899
909
898
898
909
900
901
911
903
901
900
911
900
909
911
903
911
912
902
901
903
903
912
1039
902
903
1039
902
1039
1018
902
1018
904
1017
904
1018
913
915
905
905
915
906
915
917
906
906
917
907
908
918
910
908
907
918
907
917
918
910
918
919
909
908
910
910
919
920
910
920
909
909
920
911
920
912
911
921
912
920
912
921
1059
1039
912
1059
914
1439
916
1438
1439
914
916
1439
1440
915
913
914
916
915
914
916
1440
1441
916
1441
915
915
1441
917
1441
1442
917
917
1442
918
1442
919
918
1443
919
1442
919
1443
1444
920
919
1444
921
1514
1060
921
920
1514
920
1444
1514
1059
921
1060
1086
924
1083
929
928
922
935
929
922
935
922
932
932
922
923
1086
923
924
1086
1098
923
1098
932
923
931
930
925
926
931
925
939
931
926
939
926
933
933
926
927
929
927
928
929
934
927
934
933
927
934
929
935
937
931
938
930
931
937
938
931
939
936
935
932
944
936
932
944
932
1112
1112
932
1098
940
939
933
941
940
933
934
941
933
934
935
936
941
934
936
941
936
943
941
943
948
943
936
944
951
942
937
951
937
945
945
937
938
940
938
939
940
946
938
946
945
938
946
941
947
940
941
946
947
941
948
950
942
951
1115
944
1112
949
948
943
943
944
1115
949
943
1115
949
1115
1128
949
1128
956
952
951
945
953
952
945
946
953
945
960
953
946
960
946
954
954
946
947
949
947
948
949
955
947
955
954
947
955
949
956
952
950
951
952
958
950
958
957
950
958
953
959
952
953
958
959
953
960
963
956
1128
1141
963
1128
961
960
954
968
961
954
968
954
962
962
954
955
955
963
962
956
963
955
964
957
965
957
958
965
965
958
966
958
959
966
961
959
960
961
967
959
967
966
959
967
961
968
1144
963
1141
1479
968
962
1476
1479
962
1144
962
963
1144
1585
962
1585
1476
962
970
969
964
965
970
964
1483
970
965
1483
965
1477
1477
965
966
1477
966
1478
966
967
1478
967
1479
1478
968
1479
967
1481
970
1482
969
970
1481
1482
970
1483
972
993
994
972
994
995
971
972
995
971
995
975
971
975
973
975
995
997
974
973
975
975
976
974
975
997
976
997
998
976
999
979
977
999
977
998
998
977
976
979
999
1001
978
977
979
979
980
978
979
1001
980
1001
1003
980
1004
982
981
1004
981
1003
1003
981
980
982
1004
1006
982
984
983
981
982
983
1007
982
1006
984
982
1007
984
986
985
983
984
985
1009
984
1007
986
984
1009
986
988
987
985
986
987
1011
986
1009
988
986
1011
988
990
989
987
988
989
1013
988
1011
990
988
1013
990
992
991
989
990
991
1015
990
1013
992
990
1015
992
1076
1075
991
992
1075
1088
992
1015
1076
992
1088
994
1019
996
994
993
1019
993
1017
1019
996
1019
1020
995
994
996
996
997
995
996
1020
997
1020
1021
997
1022
1000
998
1022
998
1021
1021
998
997
1000
1022
1024
999
998
1000
1000
1024
1025
999
1000
1025
999
1025
1002
999
1002
1001
1002
1025
1027
1002
1005
1003
1001
1002
1003
1028
1002
1027
1005
1002
1028
1004
1003
1005
1005
1006
1004
1005
1028
1006
1028
1030
1006
1031
1008
1007
1031
1007
1030
1030
1007
1006
1008
1031
1033
1008
1010
1009
1007
1008
1009
1034
1008
1033
1010
1008
1034
1010
1012
1011
1009
1010
1011
1035
1010
1034
1012
1010
1035
1012
1014
1013
1011
1012
1013
1036
1012
1035
1014
1012
1036
1014
1016
1015
1013
1014
1015
1038
1014
1036
1016
1014
1038
1016
1037
1101
1016
1101
1015
1015
1101
1088
1037
1016
1038
1018
1039
1040
1018
1040
1041
1018
1041
1017
1017
1041
1019
1041
1020
1019
1043
1020
1041
1044
1023
1021
1044
1021
1043
1043
1021
1020
1023
1044
1046
1022
1021
1023
1023
1046
1047
1022
1023
1047
1022
1047
1026
1022
1026
1024
1026
1047
1048
1025
1024
1026
1026
1027
1025
1026
1048
1027
1048
1049
1027
1050
1029
1028
1050
1028
1049
1049
1028
1027
1029
1050
1052
1029
1032
1030
1028
1029
1030
1053
1029
1052
1032
1029
1053
1031
1030
1032
1032
1033
1031
1032
1053
1033
1053
1054
1033
1055
1034
1054
1054
1034
1033
1056
1035
1055
1055
1035
1034
1057
1036
1056
1056
1036
1035
1058
1038
1057
1057
1038
1036
1102
1101
1037
1037
1116
1102
1037
1038
1116
1038
1058
1116
1040
1061
1042
1040
1039
1061
1039
1059
1061
1042
1061
1062
1041
1040
1042
1042
1062
1063
1041
1042
1063
1041
1063
1045
1041
1045
1043
1045
1063
1064
1044
1043
1045
1045
1046
1044
1045
1064
1046
1064
1065
1046
1046
1065
1066
1047
1046
1066
1066
1048
1047
1068
1048
1066
1069
1051
1049
1069
1049
1068
1068
1049
1048
1051
1069
1070
1050
1049
1051
1051
1052
1050
1051
1070
1052
1070
1071
1052
1072
1053
1071
1071
1053
1052
1073
1054
1072
1072
1054
1053
1149
1145
1055
1149
1055
1073
1073
1055
1054
1145
1146
1056
1055
1145
1056
1146
1147
1057
1056
1146
1057
1147
1153
1074
1147
1074
1057
1057
1074
1058
1131
1116
1074
1074
1116
1058
1060
1514
1515
1060
1515
1516
1060
1516
1059
1059
1516
1061
1516
1062
1061
1517
1062
1516
1062
1517
1518
1063
1062
1518
1518
1064
1063
1519
1064
1518
1520
1067
1065
1520
1065
1519
1519
1065
1064
1067
1520
1521
1066
1065
1067
1067
1068
1066
1067
1521
1068
1521
1522
1068
1068
1522
1523
1069
1068
1523
1523
1070
1069
1525
1070
1523
1526
1071
1525
1525
1071
1070
1634
1148
1072
1634
1072
1526
1526
1072
1071
1148
1150
1073
1072
1148
1073
1149
1073
1150
1155
1074
1153
1155
1156
1131
1074
1155
1131
1076
1087
1089
1076
1089
1075
1075
1089
1078
1087
1076
1088
1080
1079
1077
1077
1092
1080
1077
1078
1092
1078
1089
1092
1080
1091
1094
1080
1094
1079
1079
1094
1082
1091
1080
1092
1085
1084
1081
1081
1097
1085
1081
1082
1097
1082
1094
1097
1083
1084
1085
1086
1083
1085
1086
1085
1096
1086
1096
1099
1096
1085
1097
1098
1086
1099
1090
1089
1087
1087
1103
1090
1087
1088
1103
1088
1101
1103
1090
1093
1092
1089
1090
1092
1106
1090
1103
1093
1090
1106
1095
1094
1091
1091
1092
1093
1095
1091
1093
1095
1093
1105
1095
1105
1108
1105
1093
1106
1095
1107
1110
1095
1110
1094
1094
1110
1097
1107
1095
1108
1100
1099
1096
1096
1114
1100
1096
1097
1114
1097
1110
1114
1100
1098
1099
1100
1113
1098
1113
1112
1098
1113
1100
1114
1102
1104
1103
1101
1102
1103
1118
1102
1116
1104
1102
1118
1104
1117
1119
1104
1119
1103
1103
1119
1106
1117
1104
1118
1109
1108
1105
1105
1122
1109
1105
1106
1122
1106
1119
1122
1111
1110
1107
1107
1108
1109
1111
1107
1109
1111
1109
1121
1111
1121
1124
1121
1109
1122
1111
1123
1126
1111
1126
1110
1110
1126
1114
1123
1111
1124
1129
1115
1112
1129
1112
1125
1125
1112
1113
1113
1126
1125
1114
1126
1113
1128
1115
1129
1132
1118
1131
1131
1118
1116
1120
1119
1117
1117
1134
1120
1117
1118
1134
1118
1132
1134
1120
1133
1136
1120
1136
1119
1119
1136
1122
1133
1120
1134
1137
1124
1121
1135
1137
1121
1121
1136
1135
1122
1136
1121
1127
1126
1123
1123
1140
1127
1123
1124
1140
1124
1137
1140
1130
1129
1125
1125
1126
1127
1130
1125
1127
1130
1127
1139
1130
1139
1143
1139
1127
1140
1130
1128
1129
1130
1142
1128
1142
1141
1128
1142
1130
1143
1156
1674
1574
1156
1574
1131
1131
1574
1132
1576
1134
1574
1574
1134
1132
1577
1136
1133
1575
1577
1133
1133
1576
1575
1134
1576
1133
1138
1137
1135
1135
1580
1138
1135
1136
1580
1136
1577
1580
1138
1579
1582
1138
1582
1137
1137
1582
1140
1579
1138
1580
1584
1143
1139
1581
1584
1139
1139
1582
1581
1140
1582
1139
1586
1144
1141
1586
1141
1583
1583
1141
1142
1142
1584
1583
1143
1584
1142
1585
1144
1586
1145
1149
1151
1152
1145
1151
1146
1145
1152
1154
1146
1152
1147
1146
1154
1153
1147
1154
1148
1634
1635
1636
1148
1635
1150
1148
1636
1150
1151
1149
1150
1636
1151
1636
1637
1151
1638
1152
1637
1637
1152
1151
1639
1154
1638
1638
1154
1152
1153
1640
1155
1153
1154
1640
1154
1639
1640
1675
1155
1640
1156
1155
1675
1674
1156
1675
1175
1309
1158
1318
1309
1175
1178
1157
1160
1174
1157
1178
1157
1174
1175
1158
1157
1175
1180
1159
1161
1177
1159
1180
1159
1177
1178
1160
1159
1178
1181
1179
1164
1164
1179
1180
1164
1180
1163
1163
1180
1161
1162
1181
1164
1162
1165
1181
1165
1182
1181
1162
1164
1163
1184
1182
1167
1182
1165
1167
1186
1166
1168
1183
1166
1186
1166
1183
1184
1167
1166
1184
1187
1186
1169
1186
1168
1169
1188
1187
1170
1187
1169
1170
1189
1188
1171
1188
1170
1171
1190
1189
1172
1189
1171
1172
1191
1190
1173
1190
1172
1173
1254
1191
1242
1191
1173
1242
1193
1192
1176
1176
1318
1175
1176
1192
1318
1192
1326
1318
1174
1193
1176
1174
1178
1193
1178
1195
1193
1174
1176
1175
1197
1177
1180
1194
1177
1197
1177
1194
1195
1178
1177
1195
1198
1179
1181
1196
1179
1198
1179
1196
1197
1180
1179
1197
1200
1198
1182
1198
1181
1182
1201
1199
1185
1185
1199
1200
1185
1200
1184
1184
1200
1182
1183
1201
1185
1183
1186
1201
1186
1202
1201
1183
1185
1184
1203
1202
1187
1202
1186
1187
1204
1203
1188
1203
1187
1188
1205
1204
1189
1204
1188
1189
1206
1205
1190
1205
1189
1190
1207
1206
1191
1206
1190
1191
1267
1207
1254
1207
1191
1254
1209
1192
1193
1208
1192
1209
1208
1334
1192
1192
1334
1326
1211
1209
1195
1209
1193
1195
1213
1194
1197
1210
1194
1213
1194
1210
1211
1195
1194
1211
1214
1196
1198
1212
1196
1214
1196
1212
1213
1197
1196
1213
1216
1214
1200
1214
1198
1200
1217
1199
1201
1215
1199
1217
1199
1215
1216
1200
1199
1216
1218
1217
1202
1217
1201
1202
1219
1218
1203
1218
1202
1203
1220
1219
1204
1219
1203
1204
1221
1220
1205
1220
1204
1205
1222
1221
1206
1221
1205
1206
1223
1222
1207
1222
1206
1207
1278
1223
1267
1223
1207
1267
1225
1208
1209
1224
1208
1225
1224
1343
1208
1208
1343
1334
1228
1225
1211
1225
1209
1211
1230
1210
1213
1227
1210
1230
1210
1227
1228
1211
1210
1228
1231
1212
1214
1229
1212
1231
1212
1229
1230
1213
1212
1230
1233
1231
1216
1231
1214
1216
1234
1215
1217
1232
1215
1234
1215
1232
1233
1216
1215
1233
1236
1234
1218
1234
1217
1218
1237
1236
1219
1236
1218
1219
1238
1237
1220
1237
1219
1220
1239
1238
1221
1238
1220
1221
1240
1239
1222
1239
1221
1222
1241
1240
1223
1240
1222
1223
1289
1241
1278
1241
1223
1278
1226
1224
1225
1690
1224
1226
1690
1857
1224
1857
1343
1224
1226
1692
1689
1226
1225
1692
1225
1228
1692
1689
1690
1226
1694
1227
1230
1691
1227
1694
1227
1691
1692
1228
1227
1692
1695
1229
1231
1693
1229
1695
1229
1693
1694
1230
1229
1694
1697
1695
1233
1695
1231
1233
1235
1232
1234
1232
1235
1699
1232
1699
1233
1233
1699
1697
1235
1700
1698
1235
1234
1700
1234
1236
1700
1698
1699
1235
1701
1700
1237
1700
1236
1237
1702
1701
1238
1701
1237
1238
1703
1702
1239
1702
1238
1239
1704
1703
1240
1703
1239
1240
1705
1704
1241
1704
1240
1241
1789
1705
1289
1705
1241
1289
1242
1255
1254
1243
1255
1242
1255
1243
1244
1256
1255
1244
1258
1256
1245
1256
1244
1245
1248
1245
1246
1248
1259
1245
1259
1258
1245
1248
1246
1247
1259
1248
1260
1260
1248
1247
1260
1247
1261
1261
1247
1249
1249
1262
1261
1250
1262
1249
1262
1250
1251
1263
1262
1251
1251
1264
1263
1252
1264
1251
1264
1252
1253
1265
1264
1253
1253
1354
1265
1345
1354
1253
1257
1254
1255
1257
1268
1254
1268
1267
1254
1257
1255
1256
1268
1257
1269
1269
1257
1256
1269
1256
1270
1270
1256
1258
1271
1270
1259
1270
1258
1259
1259
1272
1271
1260
1272
1259
1272
1260
1261
1273
1272
1261
1261
1274
1273
1262
1274
1261
1274
1262
1263
1275
1274
1263
1266
1263
1264
1266
1276
1263
1276
1275
1263
1266
1264
1265
1276
1266
1277
1265
1277
1266
1265
1354
1277
1354
1363
1277
1279
1278
1268
1278
1267
1268
1268
1280
1279
1269
1280
1268
1280
1269
1270
1281
1280
1270
1282
1281
1271
1281
1270
1271
1271
1283
1282
1272
1283
1271
1283
1272
1273
1284
1283
1273
1273
1285
1284
1274
1285
1273
1285
1274
1275
1286
1285
1275
1287
1286
1276
1286
1275
1276
1276
1288
1287
1277
1288
1276
1288
1277
1371
1277
1363
1371
1290
1289
1279
1289
1278
1279
1279
1291
1290
1280
1291
1279
1291
1280
1281
1293
1291
1281
1294
1293
1282
1293
1281
1282
1282
1295
1294
1283
1295
1282
1295
1283
1284
1296
1295
1284
1284
1297
1296
1285
1297
1284
1297
1285
1286
1298
1297
1286
1299
1298
1287
1298
1286
1287
1287
1300
1299
1288
1300
1287
1300
1288
1379
1288
1371
1379
1790
1290
1292
1790
1789
1290
1789
1289
1290
1292
1791
1790
1291
1292
1290
1292
1291
1293
1292
1293
1791
1791
1293
1792
1793
1792
1294
1792
1293
1294
1294
1794
1793
1295
1794
1294
1794
1295
1296
1796
1794
1296
1296
1797
1796
1297
1797
1296
1797
1297
1298
1798
1797
1298
1799
1299
1301
1799
1798
1299
1798
1298
1299
1301
1800
1799
1300
1301
1299
1301
1899
1800
1301
1300
1899
1300
1379
1899
1314
1388
1304
1393
1388
1314
1317
1311
1308
1308
1302
1307
1308
1311
1302
1311
1312
1302
1312
1313
1302
1302
1313
1303
1303
1313
1314
1304
1303
1314
1319
1305
1310
1316
1305
1319
1317
1308
1306
1317
1306
1316
1316
1306
1305
1306
1308
1307
1309
1318
1319
1310
1309
1319
1323
1320
1315
1315
1393
1314
1315
1320
1393
1320
1398
1393
1325
1311
1317
1321
1311
1325
1321
1322
1311
1311
1322
1312
1323
1315
1313
1323
1313
1322
1322
1313
1312
1313
1315
1314
1327
1316
1319
1324
1316
1327
1316
1324
1325
1317
1316
1325
1318
1326
1327
1319
1318
1327
1331
1320
1323
1328
1320
1331
1328
1403
1320
1320
1403
1398
1333
1321
1325
1329
1321
1333
1329
1330
1321
1321
1330
1322
1322
1330
1331
1323
1322
1331
1335
1324
1327
1332
1324
1335
1324
1332
1333
1325
1324
1333
1326
1334
1335
1327
1326
1335
1339
1328
1331
1336
1328
1339
1336
1408
1328
1328
1408
1403
1342
1329
1333
1337
1329
1342
1337
1338
1329
1329
1338
1330
1330
1338
1339
1331
1330
1339
1344
1332
1335
1341
1332
1344
1332
1341
1342
1333
1332
1342
1334
1343
1344
1335
1334
1344
1340
1336
1339
1853
1336
1340
1853
1948
1336
1948
1408
1336
1855
1337
1342
1850
1337
1855
1850
1851
1337
1337
1851
1338
1340
1339
1338
1340
1338
1852
1852
1338
1851
1852
1853
1340
1858
1341
1344
1854
1341
1858
1341
1854
1855
1342
1341
1855
1343
1857
1858
1344
1343
1858
1354
1345
1346
1355
1354
1346
1346
1356
1355
1347
1356
1346
1350
1357
1356
1350
1356
1348
1348
1356
1347
1350
1348
1349
1357
1350
1358
1349
1358
1350
1349
1351
1358
1351
1359
1358
1359
1351
1360
1351
1352
1360
1360
1352
1353
1361
1360
1353
1353
1418
1361
1413
1418
1353
1363
1354
1355
1364
1363
1355
1355
1365
1364
1356
1365
1355
1365
1356
1357
1366
1365
1357
1357
1367
1366
1358
1367
1357
1367
1358
1368
1358
1359
1368
1362
1369
1368
1362
1368
1360
1360
1368
1359
1362
1360
1361
1369
1362
1370
1361
1370
1362
1361
1418
1370
1418
1423
1370
1371
1363
1364
1372
1371
1364
1364
1373
1372
1365
1373
1364
1373
1365
1366
1374
1373
1366
1366
1375
1374
1367
1375
1366
1375
1367
1376
1367
1368
1376
1376
1368
1369
1377
1376
1369
1369
1378
1377
1370
1378
1369
1378
1370
1428
1370
1423
1428
1379
1371
1372
1380
1379
1372
1372
1381
1380
1373
1381
1372
1381
1373
1374
1382
1381
1374
1374
1383
1382
1375
1383
1374
1383
1375
1384
1375
1376
1384
1384
1376
1377
1385
1384
1377
1377
1386
1385
1378
1386
1377
1386
1378
1433
1378
1428
1433
1899
1379
1380
1900
1899
1380
1380
1901
1900
1381
1901
1380
1901
1381
1382
1902
1901
1382
1382
1903
1902
1383
1903
1382
1903
1383
1905
1383
1384
1905
1385
1387
1906
1385
1906
1384
1384
1906
1905
1387
1907
1906
1386
1387
1385
1387
1986
1907
1387
1386
1986
1386
1433
1986
1393
1394
1388
1388
1394
1389
1394
1395
1389
1389
1395
1390
1395
1396
1390
1390
1396
1391
1396
1397
1391
1391
1397
1392
1397
1446
1392
1392
1446
1438
1398
1399
1393
1393
1399
1394
1399
1400
1394
1394
1400
1395
1400
1401
1395
1395
1401
1396
1401
1402
1396
1396
1402
1397
1402
1454
1397
1397
1454
1446
1403
1404
1398
1398
1404
1399
1404
1405
1399
1399
1405
1400
1405
1406
1400
1400
1406
1401
1406
1407
1401
1401
1407
1402
1407
1461
1402
1402
1461
1454
1408
1409
1403
1403
1409
1404
1409
1410
1404
1404
1410
1405
1410
1411
1405
1405
1411
1406
1411
1412
1406
1406
1412
1407
1412
1468
1407
1407
1468
1461
1948
1949
1408
1408
1949
1409
1949
1950
1409
1409
1950
1410
1950
1951
1410
1410
1951
1411
1951
1952
1411
1411
1952
1412
1952
2024
1412
1412
2024
1468
1418
1413
1419
1413
1414
1419
1419
1414
1420
1414
1415
1420
1420
1415
1421
1415
1416
1421
1421
1416
1422
1416
1417
1422
1422
1417
1488
1417
1481
1488
1423
1418
1424
1418
1419
1424
1424
1419
1425
1419
1420
1425
1425
1420
1426
1420
1421
1426
1426
1421
1427
1421
1422
1427
1427
1422
1495
1422
1488
1495
1428
1423
1429
1423
1424
1429
1429
1424
1430
1424
1425
1430
1430
1425
1431
1425
1426
1431
1431
1426
1432
1426
1427
1432
1432
1427
1502
1427
1495
1502
1433
1428
1434
1428
1429
1434
1434
1429
1435
1429
1430
1435
1435
1430
1436
1430
1431
1436
1436
1431
1437
1431
1432
1437
1437
1432
1509
1432
1502
1509
1986
1433
1987
1433
1434
1987
1987
1434
1988
1434
1435
1988
1988
1435
1989
1435
1436
1989
1989
1436
1990
1436
1437
1990
1990
1437
2076
1437
1509
2076
1446
1447
1438
1438
1447
1439
1447
1440
1439
1448
1440
1447
1440
1448
1449
1441
1440
1449
1449
1451
1441
1441
1451
1442
1443
1452
1445
1443
1442
1452
1442
1451
1452
1445
1452
1453
1444
1443
1445
1445
1453
1527
1445
1527
1444
1444
1527
1514
1454
1455
1446
1446
1455
1447
1448
1456
1450
1448
1447
1456
1447
1455
1456
1450
1456
1457
1449
1448
1450
1450
1457
1458
1450
1458
1449
1449
1458
1451
1458
1459
1451
1451
1459
1452
1459
1453
1452
1460
1453
1459
1453
1460
1540
1527
1453
1540
1461
1462
1454
1454
1462
1455
1462
1463
1455
1455
1463
1456
1463
1457
1456
1464
1457
1463
1457
1464
1465
1458
1457
1465
1465
1466
1458
1458
1466
1459
1466
1460
1459
1467
1460
1466
1460
1467
1551
1540
1460
1551
1468
1469
1461
1461
1469
1462
1469
1470
1462
1462
1470
1463
1470
1464
1463
1471
1464
1470
1464
1471
1473
1465
1464
1473
1473
1474
1465
1465
1474
1466
1474
1467
1466
1475
1467
1474
1467
1475
1562
1551
1467
1562
2024
2025
1468
1468
2025
1469
1472
2025
2026
1472
1470
2025
1470
1469
2025
1472
1471
1470
2026
2027
1472
1471
1472
2027
1471
2027
1473
1473
2027
2028
2028
2029
1473
1473
2029
1474
2029
1475
1474
2030
1475
2029
1475
2030
2118
1562
1475
2118
1480
1479
1476
1487
1480
1476
1487
1476
1598
1598
1476
1585
1490
1483
1477
1484
1490
1477
1484
1477
1485
1477
1478
1485
1480
1478
1479
1480
1486
1478
1486
1485
1478
1486
1480
1487
1488
1481
1489
1481
1482
1489
1482
1490
1489
1483
1490
1482
1494
1487
1598
1609
1494
1598
1491
1490
1484
1498
1491
1484
1498
1484
1492
1492
1484
1485
1492
1485
1493
1485
1486
1493
1486
1494
1493
1487
1494
1486
1495
1488
1496
1488
1489
1496
1491
1489
1490
1491
1497
1489
1497
1496
1489
1497
1491
1498
1501
1494
1609
1620
1501
1609
1505
1498
1492
1499
1505
1492
1499
1492
1500
1492
1493
1500
1493
1501
1500
1494
1501
1493
1502
1495
1503
1495
1496
1503
1503
1496
1504
1496
1497
1504
1497
1505
1504
1498
1505
1497
1508
1501
1620
1632
1508
1620
1512
1505
1499
1506
1512
1499
1506
1499
1507
1499
1500
1507
1500
1508
1507
1501
1508
1500
1509
1502
1510
1502
1503
1510
1510
1503
1511
1503
1504
1511
1504
1512
1511
1505
1512
1504
2074
1508
1632
2221
2074
1632
2078
1513
2071
1513
1512
1506
1513
1506
2071
2071
1506
2072
2072
1506
2073
1506
1507
2073
1507
2074
2073
1508
2074
1507
2076
1509
2077
1509
1510
2077
2078
1511
1513
2078
2077
1511
2077
1510
1511
1511
1512
1513
1527
1515
1514
1528
1515
1527
1515
1528
1529
1516
1515
1529
1529
1517
1516
1530
1517
1529
1517
1530
1531
1518
1517
1531
1531
1519
1518
1533
1519
1531
1519
1533
1534
1520
1519
1534
1534
1521
1520
1535
1521
1534
1536
1524
1522
1536
1522
1535
1535
1522
1521
1524
1536
1537
1523
1522
1524
1524
1525
1523
1524
1537
1525
1537
1538
1525
1539
1526
1538
1538
1526
1525
1526
1539
1641
1634
1526
1641
1540
1528
1527
1541
1528
1540
1528
1541
1542
1529
1528
1542
1530
1543
1532
1530
1529
1543
1529
1542
1543
1532
1543
1544
1531
1530
1532
1532
1533
1531
1532
1544
1533
1544
1545
1533
1533
1545
1546
1534
1533
1546
1546
1535
1534
1547
1535
1546
1535
1547
1548
1536
1535
1548
1548
1537
1536
1549
1537
1548
1550
1538
1549
1549
1538
1537
1649
1642
1539
1649
1539
1550
1550
1539
1538
1641
1539
1642
1551
1541
1540
1552
1541
1551
1541
1552
1553
1542
1541
1553
1553
1554
1542
1542
1554
1543
1554
1544
1543
1555
1544
1554
1556
1545
1555
1555
1545
1544
1545
1556
1557
1546
1545
1557
1557
1547
1546
1558
1547
1557
1547
1558
1559
1548
1547
1559
1559
1549
1548
1560
1549
1559
1561
1550
1560
1560
1550
1549
1550
1561
1657
1649
1550
1657
1562
1552
1551
1563
1552
1562
1552
1563
1564
1553
1552
1564
1564
1565
1553
1553
1565
1554
1565
1555
1554
1566
1555
1565
1568
1556
1566
1566
1556
1555
1556
1568
1569
1557
1556
1569
1569
1558
1557
1570
1558
1569
1558
1570
1571
1559
1558
1571
1571
1560
1559
1572
1560
1571
1573
1561
1572
1572
1561
1560
1561
1573
1665
1657
1561
1665
2118
1563
1562
2119
1563
2118
1563
2119
2120
1564
1563
2120
1567
2120
2121
1567
1565
2120
1565
1564
2120
1567
1566
1565
2121
2122
1567
2122
1566
1567
2122
2123
1566
2123
1568
1566
1568
2123
2124
1569
1568
2124
2124
1570
1569
2125
1570
2124
1570
2125
2126
1571
1570
2126
2126
1572
1571
2127
1572
2126
2129
1573
2127
2127
1573
1572
1667
1665
1573
1667
1573
2130
2130
1573
2129
2130
2283
1667
1587
1574
1674
1676
1587
1674
1588
1576
1587
1587
1576
1574
1578
1577
1575
1575
1590
1578
1575
1576
1590
1576
1588
1590
1578
1589
1592
1578
1592
1577
1577
1592
1580
1589
1578
1590
1594
1582
1579
1591
1594
1579
1579
1592
1591
1580
1592
1579
1596
1584
1581
1593
1596
1581
1581
1594
1593
1582
1594
1581
1599
1586
1583
1595
1599
1583
1583
1596
1595
1584
1596
1583
1585
1599
1598
1586
1599
1585
1678
1587
1676
1678
1680
1600
1678
1600
1587
1587
1600
1588
1602
1590
1600
1600
1590
1588
1604
1592
1589
1601
1604
1589
1589
1602
1601
1590
1602
1589
1605
1594
1591
1603
1605
1591
1591
1604
1603
1592
1604
1591
1597
1596
1593
1593
1608
1597
1593
1594
1608
1594
1605
1608
1610
1599
1595
1606
1610
1595
1597
1595
1596
1597
1607
1595
1607
1606
1595
1607
1597
1608
1598
1610
1609
1599
1610
1598
1611
1600
1680
1683
1611
1680
1613
1602
1611
1611
1602
1600
1615
1604
1601
1612
1615
1601
1601
1613
1612
1602
1613
1601
1616
1605
1603
1614
1616
1603
1603
1615
1614
1604
1615
1603
1619
1608
1616
1616
1608
1605
1621
1610
1606
1617
1621
1606
1617
1606
1618
1606
1607
1618
1607
1619
1618
1608
1619
1607
1609
1621
1620
1610
1621
1609
1622
1611
1683
1686
1622
1683
1624
1613
1622
1622
1613
1611
1626
1615
1612
1623
1626
1612
1612
1624
1623
1613
1624
1612
1627
1616
1614
1625
1627
1614
1614
1626
1625
1615
1626
1614
1630
1619
1627
1627
1619
1616
1633
1621
1617
1628
1633
1617
1628
1617
1629
1617
1618
1629
1618
1630
1629
1619
1630
1618
1620
1633
1632
1621
1633
1620
2210
1688
2308
1686
1688
2210
1686
2210
1622
1622
2210
2211
2213
1624
2211
2211
1624
1622
2216
1626
1623
2212
2216
1623
1623
2213
2212
1624
2213
1623
2218
1627
1625
2215
2218
1625
1625
2216
2215
1626
2216
1625
2220
1631
2217
1631
2218
2217
1631
1630
2218
1630
1627
2218
2222
1633
1628
2219
2222
1628
2220
1629
1631
2220
2219
1629
2219
1628
1629
1629
1630
1631
1632
2222
2221
1633
2222
1632
1641
1635
1634
1643
1635
1641
1644
1636
1643
1643
1636
1635
1645
1637
1644
1644
1637
1636
1646
1638
1645
1645
1638
1637
1647
1639
1646
1646
1639
1638
1648
1640
1647
1647
1640
1639
1677
1675
1648
1648
1675
1640
1642
1649
1650
1642
1643
1641
1642
1650
1643
1650
1651
1643
1652
1644
1651
1651
1644
1643
1653
1645
1652
1652
1645
1644
1654
1646
1653
1653
1646
1645
1655
1647
1654
1654
1647
1646
1656
1648
1655
1655
1648
1647
1679
1677
1656
1656
1677
1648
1657
1650
1649
1658
1650
1657
1659
1651
1658
1658
1651
1650
1660
1652
1659
1659
1652
1651
1661
1653
1660
1660
1653
1652
1662
1654
1661
1661
1654
1653
1663
1655
1662
1662
1655
1654
1664
1656
1663
1663
1656
1655
1682
1679
1664
1664
1679
1656
1665
1658
1657
1666
1658
1665
1668
1659
1666
1666
1659
1658
1669
1660
1668
1668
1660
1659
1670
1661
1669
1669
1661
1660
1671
1662
1670
1670
1662
1661
1672
1663
1671
1671
1663
1662
1673
1664
1672
1672
1664
1663
1685
1682
1673
1673
1682
1664
1667
1666
1665
2283
1666
1667
2283
2284
1666
2284
1668
1666
2285
1669
2284
2284
1669
1668
2286
1670
2285
2285
1670
1669
2287
1671
2286
2286
1671
1670
2288
1672
2287
2287
1672
1671
2289
1673
2288
2288
1673
1672
2309
1685
2289
2289
1685
1673
1674
1677
1676
1675
1677
1674
1676
1681
1678
1676
1677
1681
1677
1679
1681
1680
1678
1681
1684
1681
1682
1682
1681
1679
1680
1684
1683
1681
1684
1680
1687
1684
1685
1685
1684
1682
1683
1687
1686
1684
1687
1683
1688
2309
2308
1688
1687
2309
1687
1685
2309
1686
1687
1688
1707
1857
1690
1865
1857
1707
1709
1689
1692
1706
1689
1709
1689
1706
1707
1690
1689
1707
1710
1691
1694
1708
1691
1710
1691
1708
1709
1692
1691
1709
1696
1693
1695
1693
1696
1713
1693
1713
1694
1694
1713
1710
1696
1714
1712
1696
1695
1714
1695
1697
1714
1712
1713
1696
1716
1714
1699
1714
1697
1699
1717
1698
1700
1715
1698
1717
1698
1715
1716
1699
1698
1716
1719
1717
1701
1717
1700
1701
1721
1719
1702
1719
1701
1702
1722
1721
1703
1721
1702
1703
1723
1722
1704
1722
1703
1704
1724
1723
1705
1723
1704
1705
1801
1724
1789
1724
1705
1789
1727
1865
1707
1873
1865
1727
1728
1706
1709
1726
1706
1728
1706
1726
1727
1707
1706
1727
1711
1708
1710
1708
1711
1731
1708
1731
1709
1709
1731
1728
1711
1733
1730
1711
1710
1733
1710
1713
1733
1730
1731
1711
1734
1712
1714
1732
1712
1734
1712
1732
1733
1713
1712
1733
1736
1734
1716
1734
1714
1716
1718
1715
1717
1715
1718
1737
1715
1737
1716
1716
1737
1736
1718
1719
1720
1717
1719
1718
1739
1737
1718
1720
1739
1718
1720
1740
1738
1720
1719
1740
1719
1721
1740
1738
1739
1720
1742
1740
1722
1740
1721
1722
1744
1742
1723
1742
1722
1723
1745
1724
1725
1745
1744
1724
1744
1723
1724
1725
1747
1745
1725
1801
1803
1724
1801
1725
1814
1747
1725
1803
1814
1725
1876
1873
1727
1729
1726
1728
1726
1876
1727
1729
1876
1726
1729
1885
1876
1729
1749
1885
1729
1751
1748
1729
1728
1751
1728
1731
1751
1748
1749
1729
1753
1730
1733
1750
1730
1753
1730
1750
1751
1731
1730
1751
1735
1732
1734
1732
1735
1756
1732
1756
1733
1733
1756
1753
1735
1757
1755
1735
1734
1757
1734
1736
1757
1755
1756
1735
1759
1757
1737
1757
1736
1737
1761
1759
1739
1759
1737
1739
1741
1738
1740
1738
1741
1762
1738
1762
1739
1739
1762
1761
1741
1742
1743
1740
1742
1741
1763
1762
1741
1743
1763
1741
1743
1744
1746
1742
1744
1743
1764
1763
1743
1746
1764
1743
1745
1746
1744
1746
1745
1747
1746
1747
1764
1764
1747
1765
1826
1765
1814
1765
1747
1814
1766
1885
1749
1894
1885
1766
1752
1748
1751
1748
1752
1768
1748
1768
1749
1749
1768
1766
1754
1750
1753
1750
1752
1751
1754
1752
1750
1754
1767
1752
1754
1770
1767
1767
1768
1752
1754
1772
1769
1754
1753
1772
1753
1756
1772
1769
1770
1754
1758
1755
1757
1755
1758
1774
1755
1774
1756
1756
1774
1772
1758
1759
1760
1757
1759
1758
1777
1774
1758
1760
1777
1758
1760
1778
1776
1760
1759
1778
1759
1761
1778
1776
1777
1760
1780
1778
1762
1778
1761
1762
1782
1780
1763
1780
1762
1763
1784
1782
1764
1782
1763
1764
1786
1784
1765
1784
1764
1765
1787
1826
1827
1787
1786
1826
1786
1765
1826
1827
1839
1787
1898
1894
1766
1898
2313
2383
1898
1766
2313
1766
1768
2313
1771
1767
1770
1767
1771
2315
1767
2315
1768
1768
2315
2313
1773
1769
1772
1769
1771
1770
1773
1771
1769
1773
2314
1771
1773
2316
2314
2314
2315
1771
1773
1774
1775
1772
1774
1773
2319
2316
1773
1775
2319
1773
1775
2320
2318
1775
1774
2320
1774
1777
2320
2318
2319
1775
1779
1776
1778
1776
1779
2322
1776
2322
1777
1777
2322
2320
1779
1780
1781
1778
1780
1779
2324
2322
1779
1781
2324
1779
1781
1782
1783
1780
1782
1781
2326
2324
1781
1783
2326
1781
1783
1784
1785
1782
1784
1783
2328
2326
1783
1785
2328
1783
1785
1786
1788
1784
1786
1785
2330
2328
1785
1788
2330
1785
1787
1788
1786
1788
1787
1839
1788
1839
2330
2330
1839
2358
1789
1802
1801
1790
1802
1789
1802
1790
1791
1804
1802
1791
1805
1804
1792
1804
1791
1792
1806
1793
1795
1806
1805
1793
1805
1792
1793
1795
1807
1806
1794
1795
1793
1795
1794
1796
1795
1796
1807
1807
1796
1808
1796
1809
1808
1797
1809
1796
1809
1797
1798
1811
1809
1798
1798
1812
1811
1799
1812
1798
1812
1799
1800
1813
1812
1800
1800
1908
1813
1899
1908
1800
1802
1803
1801
1803
1802
1804
1803
1804
1814
1814
1804
1815
1816
1815
1805
1815
1804
1805
1805
1817
1816
1806
1817
1805
1817
1806
1807
1819
1817
1807
1820
1808
1810
1820
1819
1808
1819
1807
1808
1810
1821
1820
1809
1810
1808
1810
1809
1811
1810
1811
1821
1821
1811
1822
1811
1823
1822
1812
1823
1811
1823
1812
1813
1825
1823
1813
1813
1917
1825
1908
1917
1813
1828
1826
1815
1826
1814
1815
1829
1816
1818
1829
1828
1816
1828
1815
1816
1818
1831
1829
1817
1818
1816
1818
1817
1819
1818
1819
1831
1831
1819
1832
1819
1833
1832
1820
1833
1819
1833
1820
1821
1835
1833
1821
1836
1822
1824
1836
1835
1822
1835
1821
1822
1824
1838
1836
1823
1824
1822
1824
1926
1838
1823
1926
1824
1823
1918
1926
1823
1825
1918
1917
1918
1825
1827
1828
1830
1826
1828
1827
1840
1839
1827
1830
1840
1827
1829
1830
1828
1830
1829
1831
1830
1831
1840
1840
1831
1842
1843
1832
1834
1843
1842
1832
1842
1831
1832
1834
1845
1843
1833
1834
1832
1834
1846
1845
1833
1846
1834
1833
1837
1846
1833
1835
1837
1837
1848
1846
1836
1837
1835
1837
1836
1838
1837
1838
1848
1848
1838
1849
1838
1937
1849
1926
1937
1838
2359
1840
1841
2359
2358
1840
2358
1839
1840
1841
2361
2359
1841
1842
1844
1840
1842
1841
2362
2361
1841
1844
2362
1841
1843
1844
1842
1844
2363
2362
1843
2363
1844
1843
1847
2363
1843
1845
1847
1847
2365
2363
1846
1847
1845
1847
1846
1848
1847
1848
2365
2365
1848
2366
2480
1849
1938
2480
2366
1849
2366
1848
1849
1937
1938
1849
1861
1948
1853
1953
1948
1861
1856
1850
1855
1864
1850
1856
1864
1859
1850
1859
1851
1850
1859
1860
1851
1851
1860
1852
1852
1860
1861
1853
1852
1861
1866
1854
1858
1862
1854
1866
1856
1855
1854
1856
1854
1863
1863
1854
1862
1863
1864
1856
1857
1865
1866
1858
1857
1866
1958
1953
1861
1871
1859
1864
1868
1859
1871
1868
1869
1859
1859
1869
1860
1958
1861
1860
1958
1860
1963
1963
1860
1869
1867
1862
1866
1875
1862
1867
1875
1870
1862
1870
1863
1862
1863
1870
1871
1864
1863
1871
1867
1866
1865
1867
1865
1874
1874
1865
1873
1874
1875
1867
1872
1868
1871
1880
1868
1872
1880
1877
1868
1877
1869
1868
1877
1970
1869
1869
1970
1963
1883
1870
1875
1878
1870
1883
1872
1871
1870
1872
1870
1879
1879
1870
1878
1879
1880
1872
1886
1873
1876
1886
1882
1873
1882
1874
1873
1874
1882
1883
1875
1874
1883
1885
1886
1876
1881
1877
1880
1975
1877
1881
1970
1877
1975
1884
1878
1883
1891
1878
1884
1891
1888
1878
1888
1879
1878
1881
1880
1879
1881
1879
1889
1889
1879
1888
1889
1980
1975
1881
1889
1975
1887
1882
1886
1882
1884
1883
1887
1884
1882
1887
1890
1884
1887
1896
1890
1890
1891
1884
1887
1886
1885
1887
1885
1895
1895
1885
1894
1895
1896
1887
1892
1888
1891
1893
1888
1892
1889
1888
1893
2378
1889
1893
2378
2550
1889
2550
1980
1889
1897
1890
1896
1890
1892
1891
1897
1892
1890
1897
2376
1892
1897
2381
2376
2376
2377
1893
1892
2376
1893
2377
2378
1893
2384
1894
1898
2384
2379
1894
2379
1895
1894
1897
1896
1895
1897
1895
2380
2380
1895
2379
2380
2381
1897
2383
2384
1898
1908
1899
1900
1909
1908
1900
1900
1910
1909
1901
1910
1900
1902
1904
1912
1902
1912
1901
1901
1912
1910
1904
1913
1912
1903
1904
1902
1904
1914
1913
1904
1903
1914
1903
1905
1914
1914
1905
1915
1905
1906
1915
1915
1906
1907
1916
1915
1907
1907
1991
1916
1986
1991
1907
1909
1911
1919
1909
1919
1908
1908
1919
1917
1911
1920
1919
1910
1911
1909
1911
1921
1920
1911
1910
1921
1910
1912
1921
1921
1912
1913
1922
1921
1913
1913
1923
1922
1914
1923
1913
1923
1914
1925
1914
1915
1925
1916
1992
1998
1916
1998
1915
1915
1998
1925
1991
1992
1916
1918
1927
1926
1918
1928
1927
1918
1917
1928
1917
1919
1928
1928
1919
1920
1930
1928
1920
1920
1931
1930
1921
1931
1920
1922
1924
1933
1922
1933
1921
1921
1933
1931
1924
1934
1933
1923
1924
1922
1924
1935
1934
1924
1923
1935
1923
1925
1935
1935
1925
2008
1925
1998
2008
1927
1929
1939
1927
1939
1926
1926
1939
1937
1929
1940
1939
1928
1929
1927
1929
1941
1940
1928
1941
1929
1928
1932
1941
1928
1930
1932
1932
1943
1941
1931
1932
1930
1932
1944
1943
1932
1931
1944
1931
1933
1944
1934
1936
1946
1934
1946
1933
1933
1946
1944
1936
2009
2014
1946
1936
2014
1935
1936
1934
2008
1936
1935
2009
1936
2008
1938
2482
2480
1938
2483
2482
1938
1937
2483
1937
1939
2483
1940
1942
2485
1940
2485
1939
1939
2485
2483
1942
2486
2485
1941
1942
1940
1942
2487
2486
1941
2487
1942
1941
1945
2487
1941
1943
1945
1945
1947
2489
2487
1945
2489
1947
2490
2489
1944
1945
1943
1946
1945
1944
1947
1945
1946
1947
2610
2490
1947
1946
2610
1946
2014
2610
1953
1954
1948
1948
1954
1949
1954
1955
1949
1949
1955
1950
1955
1956
1950
1950
1956
1951
1956
1957
1951
1951
1957
1952
1957
2032
1952
1952
2032
2024
1959
1953
1958
1954
1953
1959
1965
1954
1959
1965
1960
1954
1960
1955
1954
1960
1961
1955
1955
1961
1956
1961
1962
1956
1956
1962
1957
2034
1962
1968
2034
2032
1962
2032
1957
1962
1963
1964
1959
1958
1963
1959
1964
1965
1959
1968
2041
2034
1966
1960
1965
1967
1960
1966
1961
1960
1967
1969
1961
1967
1962
1961
1969
1969
1968
1962
1970
1971
1963
1963
1971
1964
1966
1965
1964
1966
1964
1972
1972
1964
1971
1972
1973
1967
1966
1972
1967
1973
1974
1969
1967
1973
1969
1968
1969
1974
1968
1974
2041
2041
1974
2049
1981
1970
1975
1981
1976
1970
1976
1971
1970
1976
1977
1971
1971
1977
1972
1977
1978
1972
1972
1978
1973
1978
1979
1973
1973
1979
1974
1979
2059
1974
1974
2059
2049
1980
1981
1975
1982
1976
1981
1983
1976
1982
1977
1976
1983
1984
1977
1983
1978
1977
1984
1985
1978
1984
1979
1978
1985
2061
1979
1985
2059
1979
2061
1982
1981
1980
1982
1980
2551
2551
1980
2550
2551
2552
1983
1982
2551
1983
2552
2553
1984
1983
2552
1984
2553
2554
1985
1984
2553
1985
2554
2670
2061
1985
2554
2061
1991
1986
1993
1986
1987
1993
1993
1987
1995
1987
1988
1995
1995
1988
1996
1988
1989
1996
1996
1989
1997
1989
1990
1997
1997
1990
2083
1990
2076
2083
1992
1994
1999
1998
1992
1999
1994
2000
1999
2006
2084
2090
1993
1992
1991
1994
1992
1993
1994
2001
2000
1994
1993
2001
1993
1995
2001
2001
1995
2003
1995
1996
2003
2003
1996
2005
1996
1997
2005
2006
2083
2084
2006
2005
2083
2005
1997
2083
2008
1998
2010
1998
1999
2010
2000
2002
2011
2000
2011
1999
1999
2011
2010
2002
2004
2012
2011
2002
2012
2004
2007
2013
2012
2004
2013
2007
2006
2090
2007
2090
2013
2013
2090
2100
2001
2002
2000
2003
2002
2001
2004
2002
2003
2005
2004
2003
2007
2004
2005
2005
2006
2007
2009
2015
2014
2009
2016
2015
2009
2008
2016
2008
2010
2016
2016
2010
2018
2010
2011
2018
2018
2011
2020
2011
2012
2020
2020
2012
2022
2012
2013
2022
2022
2013
2115
2013
2100
2115
2015
2017
2612
2015
2612
2014
2014
2612
2610
2017
2019
2614
2612
2017
2614
2019
2021
2616
2614
2019
2616
2021
2023
2618
2616
2021
2618
2023
2117
2767
2618
2023
2767
2016
2017
2015
2018
2017
2016
2019
2017
2018
2020
2019
2018
2021
2019
2020
2022
2021
2020
2023
2021
2022
2115
2023
2022
2117
2023
2115
2032
2033
2024
2024
2033
2025
2033
2026
2025
2035
2026
2033
2026
2035
2037
2027
2026
2037
2037
2038
2027
2027
2038
2028
2031
2038
2039
2031
2029
2038
2029
2028
2038
2031
2030
2029
2039
2040
2031
2030
2031
2040
2030
2040
2118
2118
2040
2131
2036
2032
2034
2033
2032
2036
2036
2035
2033
2041
2042
2036
2034
2041
2036
2035
2036
2042
2035
2042
2037
2037
2042
2043
2043
2044
2037
2037
2044
2038
2044
2039
2038
2045
2039
2044
2039
2045
2047
2040
2039
2047
2133
2047
2048
2133
2131
2047
2131
2040
2047
2048
2145
2133
2049
2050
2041
2041
2050
2042
2050
2051
2042
2042
2051
2043
2046
2051
2053
2046
2044
2051
2044
2043
2051
2046
2045
2044
2053
2055
2046
2045
2046
2055
2045
2055
2047
2047
2055
2056
2056
2048
2047
2057
2048
2056
2048
2057
2162
2145
2048
2162
2052
2059
2060
2052
2050
2059
2050
2049
2059
2054
2050
2052
2051
2050
2054
2054
2053
2051
2060
2062
2052
2062
2063
2054
2052
2062
2054
2053
2054
2063
2053
2063
2055
2055
2063
2064
2058
2064
2066
2058
2056
2064
2056
2055
2064
2058
2057
2056
2066
2068
2058
2164
2162
2057
2069
2164
2057
2069
2057
2058
2069
2058
2068
2069
2184
2164
2061
2060
2059
2060
2061
2670
2060
2670
2062
2062
2670
2671
2065
2671
2673
2065
2063
2671
2063
2062
2671
2067
2063
2065
2064
2063
2067
2067
2066
2064
2673
2675
2065
2675
2676
2067
2065
2675
2067
2070
2068
2066
2677
2070
2066
2677
2066
2067
2677
2067
2676
2070
2069
2068
2677
2679
2070
2069
2070
2679
2069
2679
2184
2184
2679
2835
2082
2075
2079
2075
2074
2221
2075
2221
2079
2079
2221
2234
2086
2078
2071
2080
2086
2071
2080
2071
2081
2071
2072
2081
2082
2073
2075
2082
2081
2073
2081
2072
2073
2073
2074
2075
2083
2076
2085
2076
2077
2085
2077
2086
2085
2078
2086
2077
2089
2236
2248
2094
2082
2079
2088
2094
2079
2089
2234
2236
2089
2088
2234
2088
2079
2234
2084
2087
2091
2090
2084
2091
2087
2086
2080
2087
2080
2091
2091
2080
2092
2092
2080
2093
2080
2081
2093
2081
2094
2093
2082
2094
2081
2085
2084
2083
2087
2084
2085
2085
2086
2087
2098
2089
2248
2266
2098
2248
2104
2095
2096
2095
2094
2088
2095
2088
2096
2096
2088
2097
2088
2098
2097
2089
2098
2088
2100
2090
2101
2090
2091
2101
2101
2091
2103
2091
2092
2103
2104
2093
2095
2104
2103
2093
2103
2092
2093
2093
2094
2095
2107
2268
2279
2113
2099
2106
2107
2266
2268
2106
2266
2107
2106
2098
2266
2106
2099
2098
2116
2102
2109
2102
2105
2110
2109
2102
2110
2105
2104
2096
2105
2096
2110
2110
2096
2112
2113
2097
2099
2113
2112
2097
2112
2096
2097
2097
2098
2099
2116
2101
2102
2116
2115
2101
2115
2100
2101
2103
2102
2101
2105
2102
2103
2103
2104
2105
2765
2108
2762
2108
2107
2279
2108
2279
2762
2762
2279
2928
2770
2111
2763
2111
2114
2764
2763
2111
2764
2765
2106
2108
2764
2106
2765
2764
2113
2106
2764
2114
2113
2106
2107
2108
2117
2116
2109
2117
2109
2767
2767
2109
2769
2770
2110
2111
2770
2769
2110
2769
2109
2110
2112
2111
2110
2114
2111
2112
2112
2113
2114
2115
2116
2117
2131
2119
2118
2132
2119
2131
2119
2132
2134
2120
2119
2134
2134
2121
2120
2135
2121
2134
2121
2135
2136
2122
2121
2136
2136
2123
2122
2137
2123
2136
2123
2137
2138
2124
2123
2138
2138
2125
2124
2139
2125
2138
2128
2126
2125
2128
2125
2141
2141
2125
2139
2128
2127
2126
2141
2142
2128
2142
2127
2128
2142
2143
2127
2143
2129
2127
2144
2130
2143
2143
2130
2129
2130
2144
2290
2283
2130
2290
2133
2132
2131
2132
2133
2145
2132
2145
2134
2134
2145
2146
2146
2135
2134
2147
2135
2146
2135
2147
2149
2136
2135
2149
2149
2137
2136
2150
2137
2149
2140
2138
2137
2140
2137
2152
2152
2137
2150
2140
2139
2138
2152
2153
2140
2153
2139
2140
2153
2154
2139
2154
2141
2139
2141
2154
2155
2142
2141
2155
2155
2143
2142
2156
2143
2155
2158
2144
2156
2156
2144
2143
2292
2290
2144
2292
2144
2159
2159
2144
2158
2159
2160
2294
2292
2159
2294
2160
2300
2294
2161
2299
2305
2161
2237
2312
2299
2161
2312
2148
2162
2163
2148
2146
2162
2146
2145
2162
2148
2147
2146
2163
2165
2148
2151
2149
2147
2166
2151
2147
2166
2147
2148
2166
2148
2165
2151
2150
2149
2166
2167
2151
2167
2150
2151
2167
2168
2150
2168
2152
2150
2152
2168
2170
2153
2152
2170
2170
2154
2153
2171
2154
2170
2157
2155
2154
2157
2154
2173
2173
2154
2171
2157
2156
2155
2173
2174
2157
2174
2156
2157
2174
2175
2156
2175
2158
2156
2177
2159
2175
2175
2159
2158
2179
2160
2177
2177
2160
2159
2302
2300
2160
2302
2160
2180
2180
2160
2179
2180
2181
2304
2302
2180
2304
2181
2182
2307
2304
2181
2307
2305
2307
2182
2305
2182
2161
2161
2182
2183
2252
2237
2183
2183
2237
2161
2164
2163
2162
2163
2164
2184
2163
2184
2165
2165
2184
2185
2185
2166
2165
2186
2166
2185
2169
2167
2166
2169
2166
2188
2188
2166
2186
2169
2168
2167
2188
2189
2169
2172
2170
2168
2190
2172
2168
2190
2168
2169
2190
2169
2189
2172
2171
2170
2190
2192
2172
2192
2171
2172
2192
2193
2171
2193
2173
2171
2176
2174
2173
2176
2173
2195
2195
2173
2193
2176
2175
2174
2195
2197
2178
2176
2195
2178
2178
2175
2176
2177
2175
2178
2197
2198
2178
2198
2177
2178
2198
2199
2177
2199
2179
2177
2201
2180
2199
2199
2180
2179
2203
2181
2201
2201
2181
2180
2205
2182
2203
2203
2182
2181
2208
2183
2205
2205
2183
2182
2269
2253
2207
2253
2208
2207
2253
2252
2208
2252
2183
2208
2187
2835
2836
2187
2185
2835
2185
2184
2835
2187
2186
2185
2836
2838
2187
2838
2186
2187
2838
2839
2186
2839
2188
2186
2191
2189
2188
2191
2188
2841
2841
2188
2839
2191
2190
2189
2841
2842
2191
2194
2192
2190
2843
2194
2190
2843
2190
2191
2843
2191
2842
2194
2193
2192
2843
2845
2196
2194
2843
2196
2196
2193
2194
2195
2193
2196
2845
2846
2196
2846
2195
2196
2846
2847
2195
2847
2197
2195
2200
2198
2197
2200
2197
2849
2849
2197
2847
2200
2199
2198
2849
2851
2202
2200
2849
2202
2202
2199
2200
2201
2199
2202
2851
2853
2204
2202
2851
2204
2204
2201
2202
2203
2201
2204
2853
2855
2206
2204
2853
2206
2206
2203
2204
2205
2203
2206
2855
2857
2209
2206
2855
2209
2209
2205
2206
2208
2205
2209
2207
2209
2857
2207
2857
2269
2269
2857
2918
2207
2208
2209
2223
2210
2308
2310
2223
2308
2225
2211
2223
2223
2211
2210
2226
2214
2224
2214
2225
2224
2214
2213
2225
2213
2211
2225
2212
2214
2226
2212
2226
2216
2216
2226
2228
2212
2213
2214
2231
2218
2215
2227
2231
2215
2215
2228
2227
2216
2228
2215
2233
2220
2217
2230
2233
2217
2217
2231
2230
2218
2231
2217
2235
2222
2219
2232
2235
2219
2219
2233
2232
2220
2233
2219
2221
2235
2234
2222
2235
2221
2310
2312
2237
2310
2237
2223
2223
2237
2238
2240
2225
2238
2238
2225
2223
2243
2226
2224
2239
2243
2224
2224
2240
2239
2225
2240
2224
2244
2229
2242
2229
2243
2242
2229
2228
2243
2228
2226
2243
2227
2229
2244
2227
2244
2231
2231
2244
2246
2227
2228
2229
2250
2233
2230
2245
2250
2230
2230
2246
2245
2231
2246
2230
2236
2235
2232
2236
2232
2248
2248
2232
2249
2232
2250
2249
2233
2250
2232
2234
2235
2236
2255
2238
2252
2252
2238
2237
2257
2241
2254
2241
2255
2254
2241
2240
2255
2240
2238
2255
2239
2241
2257
2239
2257
2243
2243
2257
2259
2239
2240
2241
2262
2244
2242
2258
2262
2242
2242
2259
2258
2243
2259
2242
2265
2247
2261
2247
2262
2261
2247
2246
2262
2246
2244
2262
2267
2251
2264
2265
2245
2247
2264
2245
2265
2264
2250
2245
2264
2251
2250
2245
2246
2247
2267
2249
2251
2267
2266
2249
2266
2248
2249
2249
2250
2251
2269
2270
2256
2253
2269
2256
2256
2252
2253
2255
2252
2256
2254
2256
2270
2254
2270
2257
2257
2270
2273
2254
2255
2256
2276
2260
2272
2260
2273
2272
2260
2259
2273
2259
2257
2273
2278
2263
2275
2276
2258
2260
2275
2258
2276
2275
2262
2258
2275
2263
2262
2258
2259
2260
2261
2263
2278
2261
2278
2265
2265
2278
2281
2261
2262
2263
2268
2267
2264
2268
2264
2279
2279
2264
2280
2264
2281
2280
2265
2281
2264
2266
2267
2268
2920
2271
2917
2271
2918
2917
2271
2270
2918
2270
2269
2918
2920
2922
2274
2271
2920
2274
2274
2270
2271
2273
2270
2274
2924
2277
2921
2922
2272
2274
2921
2272
2922
2921
2276
2272
2921
2277
2276
2272
2273
2274
2275
2277
2924
2275
2924
2278
2278
2924
2926
2275
2276
2277
2929
2282
2925
2282
2926
2925
2282
2281
2926
2281
2278
2926
2929
2280
2282
2929
2928
2280
2928
2279
2280
2280
2281
2282
2290
2284
2283
2291
2284
2290
2293
2285
2291
2291
2285
2284
2295
2286
2293
2293
2286
2285
2296
2287
2295
2295
2287
2286
2297
2288
2296
2296
2288
2287
2298
2289
2297
2297
2289
2288
2311
2309
2298
2298
2309
2289
2292
2291
2290
2294
2291
2292
2293
2291
2294
2300
2293
2294
2300
2301
2293
2301
2295
2293
2303
2296
2301
2301
2296
2295
2306
2297
2303
2303
2297
2296
2299
2306
2305
2299
2298
2306
2298
2297
2306
2312
2298
2299
2311
2298
2312
2302
2301
2300
2304
2301
2302
2303
2301
2304
2307
2303
2304
2306
2303
2307
2305
2306
2307
2308
2311
2310
2309
2311
2308
2310
2311
2312
2386
2383
2313
2386
2332
2396
2386
2313
2332
2313
2315
2332
2317
2314
2316
2314
2317
2334
2314
2334
2315
2315
2334
2332
2317
2335
2333
2317
2316
2335
2316
2319
2335
2333
2334
2317
2321
2318
2320
2318
2321
2337
2318
2337
2319
2319
2337
2335
2321
2322
2323
2320
2322
2321
2339
2337
2321
2323
2339
2321
2323
2324
2325
2322
2324
2323
2341
2339
2323
2325
2341
2323
2325
2326
2327
2324
2326
2325
2342
2341
2325
2327
2342
2325
2327
2328
2329
2326
2328
2327
2343
2342
2327
2329
2343
2327
2329
2330
2331
2328
2330
2329
2344
2343
2329
2331
2344
2329
2331
2358
2360
2330
2358
2331
2367
2344
2331
2360
2367
2331
2400
2396
2332
2400
2334
2402
2332
2334
2400
2336
2333
2335
2333
2402
2334
2336
2402
2333
2336
2414
2402
2336
2346
2414
2336
2337
2338
2335
2337
2336
2347
2346
2336
2338
2347
2336
2338
2339
2340
2337
2339
2338
2349
2347
2338
2340
2349
2338
2340
2350
2348
2340
2339
2350
2339
2341
2350
2348
2349
2340
2352
2350
2342
2350
2341
2342
2354
2352
2343
2352
2342
2343
2355
2344
2345
2355
2354
2344
2354
2343
2344
2345
2357
2355
2345
2367
2368
2344
2367
2345
2374
2357
2345
2368
2374
2345
2417
2414
2346
2417
2347
2419
2346
2347
2417
2419
2349
2420
2347
2349
2419
2351
2348
2350
2348
2420
2349
2348
2351
2420
2351
2421
2420
2351
2352
2353
2350
2352
2351
2353
2422
2351
2422
2421
2351
2353
2354
2356
2352
2354
2353
2356
2423
2353
2423
2422
2353
2355
2356
2354
2357
2356
2355
2357
2424
2356
2424
2423
2356
2424
2374
2507
2357
2374
2424
2359
2360
2358
2360
2359
2361
2360
2361
2367
2367
2361
2369
2370
2362
2364
2370
2369
2362
2369
2361
2362
2364
2372
2370
2363
2364
2362
2364
2363
2365
2364
2365
2372
2372
2365
2373
2492
2366
2481
2492
2373
2366
2373
2365
2366
2480
2481
2366
2368
2369
2371
2367
2369
2368
2375
2374
2368
2371
2375
2368
2370
2371
2369
2371
2508
2375
2370
2508
2371
2370
2491
2508
2370
2372
2491
2491
2373
2493
2372
2373
2491
2492
2493
2373
2507
2375
2509
2374
2375
2507
2508
2509
2375
2555
2550
2378
2382
2376
2381
2390
2376
2382
2390
2387
2376
2387
2377
2376
2555
2378
2377
2555
2377
2560
2560
2377
2387
2385
2379
2384
2393
2379
2385
2393
2388
2379
2388
2380
2379
2382
2381
2380
2382
2380
2389
2389
2380
2388
2389
2390
2382
2383
2385
2384
2386
2385
2383
2386
2392
2385
2386
2397
2392
2392
2393
2385
2396
2397
2386
2391
2387
2390
2565
2387
2391
2560
2387
2565
2394
2388
2393
2395
2388
2394
2389
2388
2395
2389
2391
2390
2395
2391
2389
2395
2403
2391
2395
2405
2403
2403
2570
2565
2391
2403
2565
2398
2392
2397
2392
2394
2393
2392
2398
2394
2398
2399
2394
2408
2404
2395
2408
2395
2399
2399
2395
2394
2404
2405
2395
2396
2398
2397
2396
2400
2398
2400
2401
2398
2412
2407
2399
2412
2399
2401
2401
2399
2398
2407
2408
2399
2415
2411
2401
2415
2401
2402
2402
2401
2400
2411
2412
2401
2414
2415
2402
2406
2403
2405
2577
2403
2406
2570
2403
2577
2409
2404
2408
2404
2406
2405
2404
2409
2406
2409
2410
2406
2427
2582
2577
2427
2577
2410
2410
2577
2406
2413
2407
2412
2407
2409
2408
2413
2409
2407
2413
2425
2409
2413
2429
2425
2425
2426
2410
2409
2425
2410
2426
2427
2410
2416
2411
2415
2411
2413
2412
2416
2413
2411
2416
2428
2413
2416
2432
2428
2428
2429
2413
2414
2416
2415
2414
2417
2416
2417
2418
2416
2436
2432
2416
2418
2436
2416
2438
2435
2418
2438
2418
2419
2419
2418
2417
2435
2436
2418
2441
2438
2419
2420
2441
2419
2443
2441
2420
2421
2443
2420
2445
2443
2421
2422
2445
2421
2447
2445
2422
2423
2447
2422
2449
2447
2423
2424
2449
2423
2524
2449
2424
2507
2524
2424
2587
2582
2427
2430
2425
2429
2431
2425
2430
2426
2425
2431
2426
2587
2427
2426
2431
2587
2431
2592
2587
2433
2428
2432
2428
2430
2429
2428
2433
2430
2433
2434
2430
2453
2451
2431
2453
2431
2434
2434
2431
2430
2451
2597
2592
2431
2451
2592
2433
2436
2437
2432
2436
2433
2455
2452
2434
2455
2434
2437
2437
2434
2433
2452
2453
2434
2439
2435
2438
2435
2437
2436
2435
2439
2437
2439
2440
2437
2459
2455
2437
2440
2459
2437
2439
2441
2442
2438
2441
2439
2462
2458
2440
2462
2440
2442
2442
2440
2439
2458
2459
2440
2442
2443
2444
2441
2443
2442
2466
2462
2442
2444
2466
2442
2444
2445
2446
2443
2445
2444
2469
2466
2444
2446
2469
2444
2446
2447
2448
2445
2447
2446
2472
2469
2446
2448
2472
2446
2448
2449
2450
2447
2449
2448
2475
2472
2448
2450
2475
2448
2450
2524
2526
2449
2524
2450
2476
2475
2450
2476
2450
2527
2527
2450
2526
2527
2540
2476
2454
2451
2453
2603
2451
2454
2597
2451
2603
2456
2452
2455
2452
2454
2453
2452
2456
2454
2456
2457
2454
2457
2608
2454
2608
2603
2454
2456
2459
2460
2455
2459
2456
2460
2461
2456
2461
2457
2456
2957
2972
2608
2957
2608
2461
2461
2608
2457
2463
2458
2462
2458
2460
2459
2458
2463
2460
2463
2464
2460
2464
2465
2460
2465
2461
2460
2959
2957
2461
2465
2959
2461
2463
2466
2467
2462
2466
2463
2467
2468
2463
2468
2464
2463
2960
2958
2465
2960
2465
2468
2468
2465
2464
2958
2959
2465
2467
2469
2470
2466
2469
2467
2470
2471
2467
2471
2468
2467
2962
2960
2468
2471
2962
2468
2470
2472
2473
2469
2472
2470
2473
2474
2470
2474
2471
2470
2964
2962
2471
2474
2964
2471
2473
2475
2477
2472
2475
2473
2477
2478
2473
2478
2474
2473
2965
2964
2474
2965
2474
2479
2479
2474
2478
2479
2967
2965
2476
2477
2475
2540
2477
2476
2540
2541
2477
2541
2478
2477
2541
2542
2478
2542
2479
2478
2968
2967
2479
2542
2968
2479
2481
2495
2492
2481
2496
2495
2480
2496
2481
2480
2484
2496
2480
2482
2484
2484
2499
2496
2483
2484
2482
2484
2500
2499
2484
2483
2500
2483
2485
2500
2486
2488
2502
2486
2502
2485
2485
2502
2500
2488
2504
2502
2487
2488
2486
2488
2505
2504
2488
2487
2505
2487
2489
2505
2490
2611
2620
2490
2620
2489
2489
2620
2505
2610
2611
2490
2491
2511
2508
2512
2511
2491
2512
2491
2494
2494
2491
2493
2494
2514
2512
2495
2493
2492
2495
2497
2493
2497
2494
2493
2515
2514
2494
2515
2494
2498
2498
2494
2497
2498
2517
2515
2496
2497
2495
2499
2497
2496
2499
2501
2497
2501
2498
2497
2518
2517
2498
2518
2498
2503
2503
2498
2501
2503
2521
2518
2500
2501
2499
2502
2501
2500
2503
2501
2502
2503
2522
2521
2502
2522
2503
2502
2506
2522
2502
2504
2506
2506
2621
2627
2522
2506
2627
2505
2506
2504
2620
2506
2505
2621
2506
2620
2525
2524
2507
2525
2507
2510
2510
2507
2509
2510
2528
2525
2511
2509
2508
2511
2513
2509
2513
2510
2509
2530
2528
2510
2513
2530
2510
2512
2513
2511
2513
2531
2530
2512
2531
2513
2512
2516
2531
2512
2514
2516
2516
2534
2531
2515
2516
2514
2516
2535
2534
2515
2535
2516
2515
2519
2535
2515
2517
2519
2519
2520
2537
2535
2519
2537
2520
2539
2537
2518
2519
2517
2521
2519
2518
2521
2523
2519
2523
2520
2519
2643
2539
2520
2643
2520
2628
2628
2520
2523
2522
2523
2521
2627
2523
2522
2628
2523
2627
2525
2526
2524
2528
2526
2525
2528
2529
2526
2529
2527
2526
2543
2540
2527
2529
2543
2527
2529
2530
2532
2528
2530
2529
2544
2543
2529
2544
2529
2533
2533
2529
2532
2533
2547
2544
2531
2532
2530
2534
2532
2531
2534
2536
2532
2536
2533
2532
2548
2547
2533
2548
2533
2538
2538
2533
2536
2538
2642
2655
2548
2538
2655
2535
2536
2534
2537
2536
2535
2538
2536
2537
2539
2538
2537
2539
2644
2538
2644
2642
2538
2643
2644
2539
2541
2543
2545
2540
2543
2541
2545
2546
2541
2546
2542
2541
3009
2968
2542
3009
2542
2653
2653
2542
2546
2544
2545
2543
2547
2545
2544
2547
2549
2545
2549
2546
2545
2549
2656
2546
2656
2653
2546
2548
2549
2547
2655
2549
2548
2656
2549
2655
2556
2550
2555
2551
2550
2556
2557
2551
2556
2552
2551
2557
2558
2552
2557
2553
2552
2558
2559
2553
2558
2554
2553
2559
2672
2554
2559
2670
2554
2672
2560
2561
2556
2555
2560
2556
2561
2562
2557
2556
2561
2557
2562
2563
2558
2557
2562
2558
2563
2564
2559
2558
2563
2559
2564
2680
2672
2559
2564
2672
2566
2560
2565
2561
2560
2566
2572
2561
2566
2572
2567
2561
2567
2562
2561
2567
2568
2562
2562
2568
2563
2568
2569
2563
2563
2569
2564
2683
2569
2575
2683
2680
2569
2680
2564
2569
2570
2571
2566
2565
2570
2566
2571
2572
2566
2575
2693
2683
2573
2567
2572
2574
2567
2573
2568
2567
2574
2576
2568
2574
2569
2568
2576
2576
2575
2569
2578
2570
2577
2571
2570
2578
2571
2573
2572
2571
2578
2573
2578
2579
2573
2579
2580
2573
2580
2574
2573
2580
2581
2574
2581
2576
2574
2575
2696
2693
2575
2576
2696
2576
2581
2696
2582
2583
2578
2577
2582
2578
2583
2584
2579
2578
2583
2579
2584
2585
2580
2579
2584
2580
2585
2586
2581
2580
2585
2581
2586
2707
2696
2581
2586
2696
2588
2582
2587
2583
2582
2588
2589
2583
2588
2584
2583
2589
2590
2584
2589
2585
2584
2590
2591
2585
2590
2586
2585
2591
2709
2586
2591
2707
2586
2709
2598
2593
2588
2598
2588
2592
2592
2588
2587
2593
2594
2589
2588
2593
2589
2594
2595
2590
2589
2594
2590
2595
2596
2591
2590
2595
2591
2596
2725
2709
2591
2596
2709
2597
2598
2592
2599
2593
2598
2600
2593
2599
2594
2593
2600
2601
2594
2600
2595
2594
2601
2602
2595
2601
2596
2595
2602
2727
2596
2602
2725
2596
2727
2597
2599
2598
2597
2603
2599
2603
2604
2599
2604
2605
2599
2605
2600
2599
2605
2606
2600
2606
2601
2600
2606
2607
2601
2607
2602
2601
2607
2730
2602
2730
2727
2602
2608
2609
2603
2609
2604
2603
2974
2969
2605
2974
2605
2609
2609
2605
2604
2969
2970
2606
2605
2969
2606
2970
2971
2607
2606
2970
2607
2971
2977
2735
2971
2735
2607
2607
2735
2730
2972
2973
2609
2608
2972
2609
2973
2974
2609
2977
3024
2735
2611
2613
2622
2620
2611
2622
2613
2615
2624
2622
2613
2624
2615
2617
2625
2624
2615
2625
2617
2619
2626
2625
2617
2626
2619
2768
2778
2626
2619
2778
2612
2611
2610
2613
2611
2612
2614
2613
2612
2615
2613
2614
2616
2615
2614
2617
2615
2616
2618
2617
2616
2619
2617
2618
2767
2619
2618
2768
2619
2767
2621
2623
2629
2627
2621
2629
2623
2634
2629
2640
2779
2792
2622
2621
2620
2623
2621
2622
2623
2635
2634
2623
2622
2635
2622
2624
2635
2635
2624
2637
2624
2625
2637
2637
2625
2639
2625
2626
2639
2640
2778
2779
2640
2639
2778
2639
2626
2778
2628
2630
2645
2643
2628
2645
2630
2631
2647
2645
2630
2647
2631
2632
2649
2647
2631
2649
2632
2633
2651
2649
2632
2651
2633
2793
2812
2651
2633
2812
2629
2628
2627
2630
2628
2629
2634
2630
2629
2634
2636
2630
2636
2631
2630
2636
2638
2631
2638
2632
2631
2638
2641
2632
2641
2633
2632
2792
2641
2640
2792
2793
2641
2793
2633
2641
2635
2636
2634
2637
2636
2635
2638
2636
2637
2639
2638
2637
2641
2638
2639
2639
2640
2641
2642
2661
2655
2662
2661
2642
2662
2642
2646
2646
2642
2644
2646
2648
2664
2662
2646
2664
2648
2650
2666
2664
2648
2666
2650
2652
2668
2666
2650
2668
2652
2813
2832
2668
2652
2832
2645
2644
2643
2646
2644
2645
2647
2646
2645
2648
2646
2647
2649
2648
2647
2650
2648
2649
2651
2650
2649
2652
2650
2651
2812
2652
2651
2813
2652
2812
2653
2654
3011
3009
2653
3011
2654
3016
3011
3022
2820
3049
2656
2657
2653
2657
2654
2653
3017
3016
2654
3017
2654
2658
2658
2654
2657
2658
2659
3019
3017
2658
3019
2659
2660
3021
3019
2659
3021
3022
3021
2660
3022
2660
2820
2820
2660
2826
2661
2656
2655
2661
2663
2656
2663
2657
2656
2663
2665
2657
2665
2658
2657
2665
2667
2658
2667
2659
2658
2667
2669
2659
2669
2660
2659
2669
2834
2660
2834
2826
2660
2662
2663
2661
2664
2663
2662
2665
2663
2664
2666
2665
2664
2667
2665
2666
2668
2667
2666
2669
2667
2668
2832
2669
2668
2834
2669
2832
2674
2670
2672
2671
2670
2674
2674
2673
2671
2680
2681
2674
2672
2680
2674
2673
2674
2681
2673
2681
2675
2675
2681
2682
2678
2682
2685
2678
2676
2682
2676
2675
2682
2678
2677
2676
2685
2687
2678
2677
2678
2687
2677
2687
2679
2679
2687
2688
2837
2688
2690
2837
2835
2688
2835
2679
2688
2690
2859
2837
2684
2680
2683
2681
2680
2684
2686
2681
2684
2682
2681
2686
2686
2685
2682
2693
2694
2684
2683
2693
2684
2694
2695
2686
2684
2694
2686
2689
2687
2685
2698
2689
2685
2698
2685
2686
2698
2686
2695
2691
2687
2689
2688
2687
2691
2691
2690
2688
2698
2700
2689
2700
2702
2692
2700
2692
2689
2689
2692
2691
2690
2861
2859
2690
2691
2861
2691
2692
2861
2702
2704
2692
2704
2705
2863
2704
2863
2692
2692
2863
2861
2705
2880
2863
2697
2693
2696
2694
2693
2697
2699
2694
2697
2695
2694
2699
2699
2698
2695
2707
2708
2697
2696
2707
2697
2708
2710
2701
2708
2701
2697
2697
2701
2699
2698
2703
2700
2698
2699
2703
2699
2701
2703
2703
2702
2700
2710
2712
2701
2712
2713
2703
2701
2712
2703
2706
2704
2702
2716
2706
2702
2716
2702
2703
2716
2703
2713
2706
2705
2704
2716
2718
2706
2882
2880
2705
2720
2882
2705
2720
2705
2706
2720
2706
2718
2720
2722
2884
2882
2720
2884
2722
2904
2884
2711
2707
2709
2708
2707
2711
2711
2710
2708
2725
2726
2714
2725
2714
2709
2709
2714
2711
2710
2715
2712
2710
2711
2715
2711
2714
2715
2717
2712
2715
2713
2712
2717
2717
2716
2713
2726
2728
2714
2728
2729
2715
2714
2728
2715
2729
2732
2719
2729
2719
2715
2715
2719
2717
2716
2721
2718
2716
2717
2721
2717
2719
2721
2721
2720
2718
2732
2734
2719
2734
2738
2723
2734
2723
2719
2719
2723
2721
2723
2720
2721
2722
2720
2723
2738
2741
2724
2723
2738
2724
2722
2906
2904
2722
2723
2906
2723
2724
2906
2741
2743
2724
2743
2746
2908
2743
2908
2724
2724
2908
2906
2746
2749
2910
2908
2746
2910
2749
2752
2912
2910
2749
2912
2752
2755
2914
2912
2752
2914
2755
2760
2916
2914
2755
2916
2818
2799
2759
2760
2759
2799
2760
2799
2916
2916
2799
2956
2727
2726
2725
2726
2731
2728
2726
2727
2731
2727
2730
2731
2733
2728
2731
2729
2728
2733
2733
2732
2729
2735
2736
2730
2736
2731
2730
2736
2737
2731
2737
2733
2731
2732
2739
2734
2732
2733
2739
2733
2737
2739
2739
2738
2734
3024
3025
2736
2735
3024
2736
3025
3027
2740
3025
2740
2736
2736
2740
2737
2740
2742
2737
2742
2739
2737
2742
2738
2739
2741
2738
2742
3027
3030
2744
2740
3027
2744
2744
2745
2740
2745
2742
2740
2741
2747
2743
2741
2742
2747
2742
2745
2747
2747
2746
2743
3030
3032
2744
3032
3035
2748
3032
2748
2744
2744
2748
2745
2748
2750
2745
2750
2747
2745
2750
2746
2747
2749
2746
2750
3035
3039
2751
2748
3035
2751
2751
2753
2748
2753
2750
2748
2753
2749
2750
2752
2749
2753
3039
3044
2754
2751
3039
2754
2754
2756
2751
2756
2753
2751
2756
2752
2753
2755
2752
2756
3047
2757
3043
3044
3043
2757
3044
2757
2754
2754
2757
2758
2758
2761
2754
2761
2756
2754
2761
2755
2756
2760
2755
2761
3047
3052
2817
2757
3047
2817
2817
2819
2757
2819
2758
2757
2759
2819
2818
2759
2761
2819
2761
2758
2819
2759
2760
2761
2776
2930
2942
2783
2766
2773
2766
2765
2762
2766
2762
2773
2773
2762
2775
2776
2928
2930
2776
2775
2928
2775
2762
2928
2768
2771
2780
2778
2768
2780
2771
2770
2763
2771
2763
2780
2780
2763
2782
2783
2764
2766
2783
2782
2764
2782
2763
2764
2764
2765
2766
2769
2768
2767
2771
2768
2769
2769
2770
2771
2786
2938
2951
2790
2772
2785
2786
2785
2772
2786
2772
2938
2938
2772
2944
2797
2774
2789
2790
2789
2774
2790
2774
2772
2772
2774
2777
2942
2777
2776
2942
2944
2777
2944
2772
2777
2779
2781
2794
2792
2779
2794
2781
2784
2796
2794
2781
2796
2797
2773
2774
2796
2773
2797
2796
2783
2773
2796
2784
2783
2775
2774
2773
2777
2774
2775
2775
2776
2777
2780
2779
2778
2781
2779
2780
2782
2781
2780
2784
2781
2782
2782
2783
2784
2800
2947
2954
2800
2804
2953
2947
2800
2953
2810
2787
2803
2804
2951
2953
2803
2951
2804
2803
2786
2951
2803
2787
2786
2815
2788
2807
2788
2791
2809
2807
2788
2809
2810
2785
2787
2809
2785
2810
2809
2790
2785
2809
2791
2790
2785
2786
2787
2793
2795
2814
2812
2793
2814
2815
2814
2795
2815
2795
2788
2788
2795
2798
2789
2798
2797
2789
2791
2798
2791
2788
2798
2789
2790
2791
2794
2793
2792
2795
2793
2794
2796
2795
2794
2798
2795
2796
2796
2797
2798
2818
2824
2801
2799
2818
2801
2954
2801
2800
2954
2956
2801
2956
2799
2801
2830
2802
2823
2824
2823
2802
2824
2802
2801
2801
2802
2805
2805
2800
2801
2804
2800
2805
2833
2806
2827
2806
2808
2829
2827
2806
2829
2830
2829
2808
2830
2808
2802
2802
2808
2811
2803
2811
2810
2803
2805
2811
2805
2802
2811
2803
2804
2805
2833
2832
2813
2833
2813
2806
2806
2813
2816
2807
2816
2815
2807
2808
2816
2808
2806
2816
2809
2808
2807
2811
2808
2809
2809
2810
2811
2814
2813
2812
2816
2813
2814
2814
2815
2816
2820
2821
3051
3049
2820
3051
3052
3051
2821
3052
2821
2817
2817
2821
2822
2822
2825
2817
2825
2819
2817
2825
2818
2819
2824
2818
2825
2826
2828
2820
2828
2821
2820
2828
2831
2821
2831
2822
2821
2823
2831
2830
2823
2825
2831
2825
2822
2831
2823
2824
2825
2827
2834
2833
2827
2828
2834
2828
2826
2834
2829
2828
2827
2831
2828
2829
2829
2830
2831
2832
2833
2834
2837
2836
2835
2840
2838
2836
2860
2840
2836
2860
2836
2837
2860
2837
2859
2840
2839
2838
2860
2862
2840
2862
2839
2840
2862
2864
2839
2864
2841
2839
2844
2842
2841
2844
2841
2866
2866
2841
2864
2844
2843
2842
2866
2868
2844
2868
2843
2844
2868
2869
2843
2869
2845
2843
2848
2846
2845
2848
2845
2871
2871
2845
2869
2848
2847
2846
2871
2873
2850
2848
2871
2850
2850
2847
2848
2849
2847
2850
2873
2875
2852
2850
2873
2852
2852
2849
2850
2851
2849
2852
2875
2876
2854
2852
2875
2854
2854
2851
2852
2853
2851
2854
2876
2877
2856
2854
2876
2856
2856
2853
2854
2855
2853
2856
2877
2878
2858
2856
2877
2858
2858
2855
2856
2857
2855
2858
2878
2931
2919
2858
2878
2919
2919
2857
2858
2918
2857
2919
2861
2860
2859
2860
2865
2862
2860
2861
2865
2861
2863
2865
2865
2864
2862
2880
2881
2867
2880
2867
2863
2863
2867
2865
2867
2864
2865
2866
2864
2867
2881
2883
2867
2870
2868
2866
2885
2870
2866
2885
2866
2867
2885
2867
2883
2870
2869
2868
2885
2887
2872
2870
2885
2872
2872
2869
2870
2871
2869
2872
2887
2889
2874
2872
2887
2874
2874
2871
2872
2873
2871
2874
2889
2891
2874
2891
2873
2874
2891
2893
2873
2893
2875
2873
2896
2876
2893
2893
2876
2875
2900
2877
2896
2896
2877
2876
2902
2879
2899
2879
2900
2899
2879
2878
2900
2878
2877
2900
2902
2945
2932
2879
2902
2932
2932
2878
2879
2931
2878
2932
2882
2881
2880
2881
2886
2883
2881
2882
2886
2882
2884
2886
2886
2885
2883
2904
2905
2888
2904
2888
2884
2884
2888
2886
2888
2885
2886
2887
2885
2888
2905
2907
2890
2888
2905
2890
2890
2887
2888
2889
2887
2890
2907
2909
2892
2890
2907
2892
2889
2894
2891
2889
2890
2894
2890
2892
2894
2894
2893
2891
2909
2911
2895
2892
2909
2895
2895
2897
2892
2897
2894
2892
2897
2893
2894
2896
2893
2897
2911
2913
2898
2895
2911
2898
2898
2901
2895
2901
2897
2895
2901
2896
2897
2900
2896
2901
2913
2915
2903
2898
2913
2903
2899
2903
2902
2899
2901
2903
2901
2898
2903
2899
2900
2901
2915
2955
2946
2903
2915
2946
2946
2902
2903
2945
2902
2946
2906
2905
2904
2908
2905
2906
2907
2905
2908
2910
2907
2908
2909
2907
2910
2912
2909
2910
2911
2909
2912
2914
2911
2912
2913
2911
2914
2916
2913
2914
2915
2913
2916
2956
2915
2916
2955
2915
2956
2917
2919
2931
2917
2931
2920
2920
2931
2934
2917
2918
2919
2936
2923
2933
2923
2934
2933
2923
2922
2934
2922
2920
2934
2921
2923
2936
2921
2936
2924
2924
2936
2940
2921
2922
2923
2943
2927
2939
2927
2940
2939
2927
2926
2940
2926
2924
2940
2943
2925
2927
2942
2925
2943
2942
2929
2925
2942
2930
2929
2925
2926
2927
2928
2929
2930
2945
2949
2935
2932
2945
2935
2935
2931
2932
2934
2931
2935
2952
2937
2948
2949
2933
2935
2948
2933
2949
2948
2936
2933
2948
2937
2936
2933
2934
2935
2952
2951
2938
2952
2938
2937
2937
2938
2941
2941
2936
2937
2940
2936
2941
2939
2944
2943
2939
2941
2944
2941
2938
2944
2939
2940
2941
2942
2943
2944
2955
2954
2947
2955
2947
2946
2946
2947
2950
2950
2945
2946
2949
2945
2950
2948
2953
2952
2948
2950
2953
2950
2947
2953
2948
2949
2950
2951
2952
2953
2954
2955
2956
2979
2972
2957
2979
2959
2984
2957
2959
2979
2961
2958
2960
2958
2984
2959
2958
2961
2984
2961
2989
2984
2961
2962
2963
2960
2962
2961
2963
2994
2961
2994
2989
2961
2963
2964
2966
2962
2964
2963
2966
2999
2963
2999
2994
2963
2965
2966
2964
2967
2966
2965
2967
3004
2966
3004
2999
2966
3004
2968
3010
2967
2968
3004
3009
3010
2968
2975
2969
2974
2976
2969
2975
2970
2969
2976
2978
2970
2976
2971
2970
2978
2978
2977
2971
2980
2972
2979
2973
2972
2980
2973
2975
2974
2973
2980
2975
2980
2981
2975
2981
2982
2975
2982
2976
2975
2982
2983
2976
2983
2978
2976
2977
3026
3024
2977
2978
3026
2978
2983
3026
2984
2985
2979
2985
2980
2979
2985
2986
2980
2986
2981
2980
2986
2987
2981
2987
2982
2981
2987
2988
2982
2988
2983
2982
2988
3029
2983
3029
3026
2983
2989
2990
2984
2990
2985
2984
2990
2991
2985
2991
2986
2985
2991
2992
2986
2992
2987
2986
2992
2993
2987
2993
2988
2987
2993
3033
2988
3033
3029
2988
2994
2995
2989
2995
2990
2989
2995
2996
2990
2996
2991
2990
2996
2997
2991
2997
2992
2991
2997
2998
2992
2998
2993
2992
2998
3037
2993
3037
3033
2993
2999
3000
2994
3000
2995
2994
3000
3001
2995
3001
2996
2995
3001
3002
2996
3002
2997
2996
3002
3003
2997
3003
2998
2997
3003
3041
2998
3041
3037
2998
3004
3005
2999
3005
3000
2999
3005
3006
3000
3006
3001
3000
3006
3007
3001
3007
3002
3001
3007
3008
3002
3008
3003
3002
3008
3046
3003
3046
3041
3003
3010
3012
3004
3012
3005
3004
3012
3013
3005
3013
3006
3005
3013
3014
3006
3014
3007
3006
3014
3015
3007
3015
3008
3007
3015
3050
3008
3050
3046
3008
3011
3010
3009
3012
3010
3011
3016
3012
3011
3016
3018
3012
3018
3013
3012
3018
3020
3013
3020
3014
3013
3020
3023
3014
3023
3015
3014
3049
3023
3022
3049
3050
3023
3050
3015
3023
3017
3018
3016
3019
3018
3017
3020
3018
3019
3021
3020
3019
3023
3020
3021
3021
3022
3023
3028
3024
3026
3025
3024
3028
3028
3027
3025
3029
3031
3026
3031
3028
3026
3031
3027
3028
3030
3027
3031
3033
3034
3029
3034
3031
3029
3030
3036
3032
3030
3031
3036
3031
3034
3036
3036
3035
3032
3037
3038
3033
3038
3034
3033
3038
3040
3034
3040
3036
3034
3040
3035
3036
3039
3035
3040
3041
3042
3037
3042
3038
3037
3042
3045
3038
3045
3040
3038
3045
3039
3040
3044
3039
3045
3046
3048
3041
3048
3042
3041
3043
3048
3047
3043
3045
3048
3045
3042
3048
3043
3044
3045
3050
3053
3046
3053
3048
3046
3053
3047
3048
3052
3047
3053
3051
3050
3049
3053
3050
3051
3051
