0.997006
1
0
-0.999945
0
0.0105389
1
0.997006
0
-1.41075e-07
-0.999945
0.0105389
0.997038
1
0.0169492
-1
2.83893e-07
2.83893e-07
1
0.997038
0.0169492
-2.83893e-07
-1
-2.83893e-07
0.997038
1
0.0338983
-1
2.83893e-07
2.83893e-07
1
0.997038
0.0338983
-2.83893e-07
-1
-2.83893e-07
0.997038
1
0.0508475
-1
2.83893e-07
2.83893e-07
1
0.997038
0.0508475
-2.83893e-07
-1
-2.83893e-07
0.997038
1
0.0677966
-1
2.83893e-07
2.83893e-07
1
0.997038
0.0677966
-2.83893e-07
-1
-2.83893e-07
0.997038
1
0.0847458
-1
2.83893e-07
2.83893e-07
1
0.997038
0.0847458
-2.83893e-07
-1
-2.83893e-07
0.997038
1
0.101695
-1
2.83893e-07
2.83893e-07
1
0.997038
0.101695
-2.83893e-07
-1
-2.83893e-07
0.997038
1
0.118644
-1
2.83893e-07
2.83893e-07
1
0.997038
0.118644
-2.83893e-07
-1
-2.83893e-07
0.997038
1
0.135593
-1
2.83893e-07
2.83893e-07
1
0.997038
0.135593
-2.83893e-07
-1
-2.83893e-07
0.997038
1
0.152542
-1
2.83893e-07
2.83893e-07
1
0.997038
0.152542
-2.83893e-07
-1
-2.83893e-07
0.997038
1
0.169492
-1
2.83893e-07
2.83893e-07
1
0.997038
0.169492
-2.83893e-07
-1
-2.83893e-07
0.997038
1
0.186441
-1
2.83893e-07
2.83893e-07
1
0.997038
0.186441
-2.83893e-07
-1
-2.83893e-07
0.997038
1
0.20339
-1
2.83893e-07
2.83893e-07
1
0.997038
0.20339
-2.83893e-07
-1
-2.83893e-07
0.997038
1
0.220339
-1
2.83893e-07
2.83893e-07
1
0.997038
0.220339
-2.83893e-07
-1
-2.83893e-07
0.997038
1
0.237288
-1
2.83893e-07
2.83893e-07
1
0.997038
0.237288
-2.83893e-07
-1
-2.83893e-07
0.997038
1
0.254237
-1
2.83893e-07
2.83893e-07
1
0.997038
0.254237
-2.83893e-07
-1
-2.83893e-07
0.997038
1
0.271186
-1
2.83893e-07
2.83893e-07
1
0.997038
0.271186
-2.83893e-07
-1
-2.83893e-07
0.997038
1
0.288136
-1
2.83893e-07
2.83893e-07
1
0.997038
0.288136
-2.83893e-07
-1
-2.83893e-07
0.997038
1
0.305085
-1
2.83893e-07
2.83893e-07
1
0.997038
0.305085
-2.83893e-07
-1
-2.83893e-07
0.997038
1
0.322034
-1
2.83893e-07
2.83893e-07
1
0.997038
0.322034
-2.83893e-07
-1
-2.83893e-07
0.997038
1
0.338983
-1
2.83893e-07
2.83893e-07
1
0.997038
0.338983
-2.83893e-07
-1
-2.83893e-07
0.997038
1
0.355932
-1
2.83893e-07
2.83893e-07
1
0.997038
0.355932
-2.83893e-07
-1
-2.83893e-07
0.997038
1
0.372881
-1
2.83893e-07
2.83893e-07
1
0.997038
0.372881
-2.83893e-07
-1
-2.83893e-07
0.997038
1
0.38983
-1
2.83893e-07
2.83893e-07
1
0.997038
0.38983
-2.83893e-07
-1
-2.83893e-07
0.997038
1
0.40678
-1
2.83893e-07
2.83893e-07
1
0.997038
0.40678
-2.83893e-07
-1
-2.83893e-07
0.997038
1
0.423729
-1
2.83893e-07
2.83893e-07
1
0.997038
0.423729
-2.83893e-07
-1
-2.83893e-07
0.997038
1
0.440678
-1
2.83893e-07
2.83893e-07
1
0.997038
0.440678
-2.83893e-07
-1
-2.83893e-07
0.997038
1
0.457627
-1
2.83893e-07
2.83893e-07
1
0.997038
0.457627
-2.83893e-07
-1
-2.83893e-07
0.997038
1
0.474576
-1
2.83893e-07
2.83893e-07
1
0.997038
0.474576
-2.83893e-07
-1
-2.83893e-07
0.997038
1
0.491525
-1
2.83893e-07
2.83893e-07
1
0.997038
0.491525
-2.83893e-07
-1
-2.83893e-07
0.997038
1
0.508475
-1
2.83893e-07
2.83893e-07
1
0.997038
0.508475
-2.83893e-07
-1
-2.83893e-07
0.997038
1
0.525424
-1
2.83893e-07
2.83893e-07
1
0.997038
0.525424
-2.83893e-07
-1
-2.83893e-07
0.997038
1
0.542373
-1
2.83893e-07
2.83893e-07
1
0.997038
0.542373
-2.83893e-07
-1
-2.83893e-07
0.997038
1
0.559322
-1
2.83893e-07
2.83893e-07
1
0.997038
0.559322
-2.83893e-07
-1
-2.83893e-07
0.997038
1
0.576271
-1
2.83893e-07
2.83893e-07
1
0.997038
0.576271
-2.83893e-07
-1
-2.83893e-07
0.997038
1
0.59322
-1
2.83893e-07
2.83893e-07
1
0.997038
0.59322
-2.83893e-07
-1
-2.83893e-07
0.997038
1
0.610169
-1
2.83893e-07
2.83893e-07
1
0.997038
0.610169
-2.83893e-07
-1
-2.83893e-07
0.997038
1
0.627119
-1
2.83893e-07
2.83893e-07
1
0.997038
0.627119
-2.83893e-07
-1
-2.83893e-07
0.997038
1
0.644068
-1
2.83893e-07
2.83893e-07
1
0.997038
0.644068
-2.83893e-07
-1
-2.83893e-07
0.997038
1
0.661017
-1
2.83893e-07
2.83893e-07
1
0.997038
0.661017
-2.83893e-07
-1
-2.83893e-07
0.997038
1
0.677966
-1
2.83893e-07
2.83893e-07
1
0.997038
0.677966
-2.83893e-07
-1
-2.83893e-07
0.997038
1
0.694915
-1
2.83893e-07
2.83893e-07
1
0.997038
0.694915
-2.83893e-07
-1
-2.83893e-07
0.997038
1
0.711864
-1
2.83893e-07
2.83893e-07
1
0.997038
0.711864
-2.83893e-07
-1
-2.83893e-07
0.997038
1
0.728814
-1
2.83893e-07
2.83893e-07
1
0.997038
0.728814
-2.83893e-07
-1
-2.83893e-07
0.997038
1
0.745763
-1
2.83893e-07
2.83893e-07
1
0.997038
0.745763
-2.83893e-07
-1
-2.83893e-07
0.997038
1
0.762712
-1
2.83893e-07
2.83893e-07
1
0.997038
0.762712
-2.83893e-07
-1
-2.83893e-07
0.997038
1
0.779661
-1
2.83893e-07
2.83893e-07
1
0.997038
0.779661
-2.83893e-07
-1
-2.83893e-07
0.997038
1
0.79661
-1
2.83893e-07
2.83893e-07
1
0.997038
0.79661
-2.83893e-07
-1
-2.83893e-07
0.997038
1
0.813559
-1
2.83893e-07
2.83893e-07
1
0.997038
0.813559
-2.83893e-07
-1
-2.83893e-07
0.997038
1
0.830508
-1
2.83893e-07
2.83893e-07
1
0.997038
0.830508
-2.83893e-07
-1
-2.83893e-07
0.997038
1
0.847458
-1
2.83893e-07
2.83893e-07
1
0.997038
0.847458
-2.83893e-07
-1
-2.83893e-07
0.997038
1
0.864407
-1
2.83893e-07
2.83893e-07
1
0.997038
0.864407
-2.83893e-07
-1
-2.83893e-07
0.997038
1
0.881356
-1
2.83893e-07
2.83893e-07
1
0.997038
0.881356
-2.83893e-07
-1
-2.83893e-07
0.997038
1
0.898305
-1
2.83893e-07
2.83893e-07
1
0.997038
0.898305
-2.83893e-07
-1
-2.83893e-07
0.997038
1
0.915254
-0.999944
2.83877e-07
-0.0105563
1
0.997038
0.915254
-2.83877e-07
-0.999944
-0.0105568
1
0
0.997006
0
0.0105389
-0.999945
1
0.0169492
0.997038
-2.83893e-07
-2.83893e-07
-1
1
0.0338983
0.997038
-2.83893e-07
-2.83893e-07
-1
1
0.0508475
0.997038
-2.83893e-07
-2.83893e-07
-1
1
0.0677966
0.997038
-2.83893e-07
-2.83893e-07
-1
0.997006
0
1
-0.999945
0.0105389
0
0.997038
0.0169492
1
-1
2.83893e-07
2.83893e-07
0.997038
0.0338983
1
-1
2.83893e-07
2.83893e-07
0.997038
0.0508475
1
-1
2.83893e-07
2.83893e-07
0.997038
0.0677966
1
-1
2.83893e-07
2.83893e-07
1
0.0847458
0.997038
-2.83893e-07
-2.83893e-07
-1
1
0.101695
0.997038
-2.83893e-07
-2.83893e-07
-1
1
0.118644
0.997038
-2.83893e-07
-2.83893e-07
-1
1
0.135593
0.997038
-2.83893e-07
-2.83893e-07
-1
1
0.152542
0.997038
-2.83893e-07
-2.83893e-07
-1
0.997038
0.0847458
1
-1
2.83893e-07
2.83893e-07
0.997038
0.101695
1
-1
2.83893e-07
2.83893e-07
0.997038
0.118644
1
-1
2.83893e-07
2.83893e-07
0.997038
0.135593
1
-1
2.83893e-07
2.83893e-07
0.997038
0.152542
1
-1
2.83893e-07
2.83893e-07
1
0.169492
0.997038
-2.83893e-07
-2.83893e-07
-1
1
0.186441
0.997038
-2.83893e-07
-2.83893e-07
-1
1
0.20339
0.997038
-2.83893e-07
-2.83893e-07
-1
1
0.220339
0.997038
-2.83893e-07
-2.83893e-07
-1
1
0.237288
0.997038
-2.83893e-07
-2.83893e-07
-1
0.997038
0.169492
1
-1
2.83893e-07
2.83893e-07
0.997038
0.186441
1
-1
2.83893e-07
2.83893e-07
0.997038
0.20339
1
-1
2.83893e-07
2.83893e-07
0.997038
0.220339
1
-1
2.83893e-07
2.83893e-07
0.997038
0.237288
1
-1
2.83893e-07
2.83893e-07
1
0.254237
0.997038
-2.83893e-07
-2.83893e-07
-1
1
0.271186
0.997038
-2.83893e-07
-2.83893e-07
-1
1
0.288136
0.997038
-2.83893e-07
-2.83893e-07
-1
1
0.305085
0.997038
-2.83893e-07
-2.83893e-07
-1
1
0.322034
0.997038
-2.83893e-07
-2.83893e-07
-1
0.997038
0.254237
1
-1
2.83893e-07
2.83893e-07
0.997038
0.271186
1
-1
2.83893e-07
2.83893e-07
0.997038
0.288136
1
-1
2.83893e-07
2.83893e-07
0.997038
0.305085
1
-1
2.83893e-07
2.83893e-07
0.997038
0.322034
1
-1
2.83893e-07
2.83893e-07
1
0.338983
0.997038
-2.83893e-07
-2.83893e-07
-1
1
0.355932
0.997038
-2.83893e-07
-2.83893e-07
-1
1
0.372881
0.997038
-2.83893e-07
-2.83893e-07
-1
1
0.38983
0.997038
-2.83893e-07
-2.83893e-07
-1
1
0.40678
0.997038
-2.83893e-07
-2.83893e-07
-1
0.997038
0.338983
1
-1
2.83893e-07
2.83893e-07
0.997038
0.355932
1
-1
2.83893e-07
2.83893e-07
0.997038
0.372881
1
-1
2.83893e-07
2.83893e-07
0.997038
0.38983
1
-1
2.83893e-07
2.83893e-07
0.997038
0.40678
1
-1
2.83893e-07
2.83893e-07
1
0.423729
0.997038
-2.83893e-07
-2.83893e-07
-1
1
0.440678
0.997038
-2.83893e-07
-2.83893e-07
-1
1
0.457627
0.997038
-2.83893e-07
-2.83893e-07
-1
1
0.474576
0.997038
-2.83893e-07
-2.83893e-07
-1
1
0.491525
0.997038
-2.83893e-07
-2.83893e-07
-1
0.997038
0.423729
1
-1
2.83893e-07
2.83893e-07
0.997038
0.440678
1
-1
2.83893e-07
2.83893e-07
0.997038
0.457627
1
-1
2.83893e-07
2.83893e-07
0.997038
0.474576
1
-1
2.83893e-07
2.83893e-07
0.997038
0.491525
1
-1
2.83893e-07
2.83893e-07
1
0.508475
0.997038
-2.83893e-07
-2.83893e-07
-1
1
0.525424
0.997038
-2.83893e-07
-2.83893e-07
-1
1
0.542373
0.997038
-2.83893e-07
-2.83893e-07
-1
1
0.559322
0.997038
-2.83893e-07
-2.83893e-07
-1
1
0.576271
0.997038
-2.83893e-07
-2.83893e-07
-1
0.997038
0.508475
1
-1
2.83893e-07
2.83893e-07
0.997038
0.525424
1
-1
2.83893e-07
2.83893e-07
0.997038
0.542373
1
-1
2.83893e-07
2.83893e-07
0.997038
0.559322
1
-1
2.83893e-07
2.83893e-07
0.997038
0.576271
1
-1
2.83893e-07
2.83893e-07
1
0.59322
0.997038
-2.83893e-07
-2.83893e-07
-1
1
0.610169
0.997038
-2.83893e-07
-2.83893e-07
-1
1
0.627119
0.997038
-2.83893e-07
-2.83893e-07
-1
1
0.644068
0.997038
-2.83893e-07
-2.83893e-07
-1
1
0.661017
0.997038
-2.83893e-07
-2.83893e-07
-1
0.997038
0.59322
1
-1
2.83893e-07
2.83893e-07
0.997038
0.610169
1
-1
2.83893e-07
2.83893e-07
0.997038
0.627119
1
-1
2.83893e-07
2.83893e-07
0.997038
0.644068
1
-1
2.83893e-07
2.83893e-07
0.997038
0.661017
1
-1
2.83893e-07
2.83893e-07
1
0.677966
0.997038
-2.83893e-07
-2.83893e-07
-1
1
0.694915
0.997038
-2.83893e-07
-2.83893e-07
-1
1
0.711864
0.997038
-2.83893e-07
-2.83893e-07
-1
1
0.728814
0.997038
-2.83893e-07
-2.83893e-07
-1
1
0.745763
0.997038
-2.83893e-07
-2.83893e-07
-1
0.997038
0.677966
1
-1
2.83893e-07
2.83893e-07
0.997038
0.694915
1
-1
2.83893e-07
2.83893e-07
0.997038
0.711864
1
-1
2.83893e-07
2.83893e-07
0.997038
0.728814
1
-1
2.83893e-07
2.83893e-07
0.997038
0.745763
1
-1
2.83893e-07
2.83893e-07
1
0.762712
0.997038
-2.83893e-07
-2.83893e-07
-1
1
0.779661
0.997038
-2.83893e-07
-2.83893e-07
-1
1
0.79661
0.997038
-2.83893e-07
-2.83893e-07
-1
1
0.813559
0.997038
-2.83893e-07
-2.83893e-07
-1
1
0.830508
0.997038
-2.83893e-07
-2.83893e-07
-1
0.997038
0.762712
1
-1
2.83893e-07
2.83893e-07
0.997038
0.779661
1
-1
2.83893e-07
2.83893e-07
0.997038
0.79661
1
-1
2.83893e-07
2.83893e-07
0.997038
0.813559
1
-1
2.83893e-07
2.83893e-07
0.997038
0.830508
1
-1
2.83893e-07
2.83893e-07
1
0.847458
0.997038
-2.83893e-07
-2.83893e-07
-1
1
0.864407
0.997038
-2.83893e-07
-2.83893e-07
-1
1
0.881356
0.997038
-2.83893e-07
-2.83893e-07
-1
1
0.898305
0.997038
-2.83893e-07
-2.83893e-07
-1
1
0.915254
0.997038
-2.83877e-07
-0.0105565
-0.999944
0.997038
0.847458
1
-1
2.83893e-07
2.83893e-07
0.997038
0.864407
1
-1
2.83893e-07
2.83893e-07
0.997038
0.881356
1
-1
2.83893e-07
2.83893e-07
0.997038
0.898305
1
-1
2.83893e-07
2.83893e-07
0.997038
0.915254
1
-0.999944
-0.0105563
2.83877e-07
0
1
0.997006
0.0105389
-1.41075e-07
-0.999945
0.0169492
1
0.997038
-1.41947e-07
-1.41947e-07
-1
0.0338983
1
0.997038
-1.41947e-07
-1.41947e-07
-1
0.0508475
1
0.997038
-1.41947e-07
-1.41947e-07
-1
0.0677966
1
0.997038
-1.41947e-07
-1.41947e-07
-1
0.0847458
1
0.997038
-1.41947e-07
-1.41947e-07
-1
0.101695
1
0.997038
-1.41947e-07
-1.41947e-07
-1
0.118644
1
0.997038
-1.41947e-07
-1.41947e-07
-1
0.135593
1
0.997038
-1.41947e-07
-1.41947e-07
-1
0.152542
1
0.997038
-1.41947e-07
-1.41947e-07
-1
0.169492
1
0.997038
-1.41947e-07
-1.41947e-07
-1
0.186441
1
0.997038
-1.41947e-07
-1.41947e-07
-1
0.20339
1
0.997038
-1.41947e-07
-1.41947e-07
-1
0.220339
1
0.997038
-1.41947e-07
-1.41947e-07
-1
0.237288
1
0.997038
-1.41947e-07
-1.41947e-07
-1
0.254237
1
0.997038
-1.41947e-07
-1.41947e-07
-1
0.271186
1
0.997038
-1.41947e-07
-1.41947e-07
-1
0.288136
1
0.997038
-1.41947e-07
-1.41947e-07
-1
0.305085
1
0.997038
-1.41947e-07
-1.41947e-07
-1
0.322034
1
0.997038
-1.41947e-07
-1.41947e-07
-1
0.338983
1
0.997038
-1.41947e-07
-1.41947e-07
-1
0.355932
1
0.997038
-1.41947e-07
-1.41947e-07
-1
0.372881
1
0.997038
-1.41947e-07
-1.41947e-07
-1
0.38983
1
0.997038
-1.41947e-07
-1.41947e-07
-1
0.40678
1
0.997038
-1.41947e-07
-1.41947e-07
-1
0.423729
1
0.997038
-1.41947e-07
-1.41947e-07
-1
0.440678
1
0.997038
-1.41947e-07
-1.41947e-07
-1
0.457627
1
0.997038
-1.41947e-07
-1.41947e-07
-1
0.474576
1
0.997038
-1.41947e-07
-1.41947e-07
-1
0.491525
1
0.997038
-1.41947e-07
-1.41947e-07
-1
0.508475
1
0.997038
-1.41947e-07
-1.41947e-07
-1
0
0.997006
1
0.0105389
-0.999945
-1.41075e-07
0.0169492
0.997038
1
-1.41947e-07
-1
-1.41947e-07
0.0338983
0.997038
1
-1.41947e-07
-1
-1.41947e-07
0.0508475
0.997038
1
-1.41947e-07
-1
-1.41947e-07
0.0677966
0.997038
1
-1.41947e-07
-1
-1.41947e-07
0.0847458
0.997038
1
-1.41947e-07
-1
-1.41947e-07
0.101695
0.997038
1
-1.41947e-07
-1
-1.41947e-07
0.118644
0.997038
1
-1.41947e-07
-1
-1.41947e-07
0.135593
0.997038
1
-1.41947e-07
-1
-1.41947e-07
0.152542
0.997038
1
-1.41947e-07
-1
-1.41947e-07
0.169492
0.997038
1
-1.41947e-07
-1
-1.41947e-07
0.186441
0.997038
1
-1.41947e-07
-1
-1.41947e-07
0.20339
0.997038
1
-1.41947e-07
-1
-1.41947e-07
0.220339
0.997038
1
-1.41947e-07
-1
-1.41947e-07
0.237288
0.997038
1
-1.41947e-07
-1
-1.41947e-07
0.254237
0.997038
1
-1.41947e-07
-1
-1.41947e-07
0.271186
0.997038
1
-1.41947e-07
-1
-1.41947e-07
0.288136
0.997038
1
-1.41947e-07
-1
-1.41947e-07
0.305085
0.997038
1
-1.41947e-07
-1
-1.41947e-07
0.322034
0.997038
1
-1.41947e-07
-1
-1.41947e-07
0.338983
0.997038
1
-1.41947e-07
-1
-1.41947e-07
0.355932
0.997038
1
-1.41947e-07
-1
-1.41947e-07
0.372881
0.997038
1
-1.41947e-07
-1
-1.41947e-07
0.38983
0.997038
1
-1.41947e-07
-1
-1.41947e-07
0.40678
0.997038
1
-1.41947e-07
-1
-1.41947e-07
0.423729
0.997038
1
-1.41947e-07
-1
-1.41947e-07
0.440678
0.997038
1
-1.41947e-07
-1
-1.41947e-07
0.457627
0.997038
1
-1.41947e-07
-1
-1.41947e-07
0.474576
0.997038
1
-1.41947e-07
-1
-1.41947e-07
0.491525
0.997038
1
-1.41947e-07
-1
-1.41947e-07
0.508475
0.997038
1
-1.41947e-07
-1
-1.41947e-07
0.997006
1
0.932203
-0.991857
0
-0.127353
1
0.997006
0.932203
-1.39934e-07
-0.991857
-0.127354
0.9966
1
0.949153
-0.870104
0
-0.492868
1
0.9966
0.949153
0
-0.870104
-0.492868
0.994008
1
0.966102
-0.721378
0
-0.692542
0.983051
1
0.981573
-0.726118
-5.37298e-08
-0.68757
1
0.994008
0.966102
0
-0.721378
-0.692542
1
0.983051
0.981573
-5.37298e-08
-0.726118
-0.68757
0.525424
1
0.997038
-1.41947e-07
-1.41947e-07
-1
0.542373
1
0.997038
-1.41947e-07
-1.41947e-07
-1
0.559322
1
0.997038
-1.41947e-07
-1.41947e-07
-1
0.576271
1
0.997038
-1.41947e-07
-1.41947e-07
-1
0.59322
1
0.997038
-1.41947e-07
-1.41947e-07
-1
0.610169
1
0.997038
-1.41947e-07
-1.41947e-07
-1
0.627119
1
0.997038
-1.41947e-07
-1.41947e-07
-1
0.644068
1
0.997038
-1.41947e-07
-1.41947e-07
-1
0.661017
1
0.997038
-1.41947e-07
-1.41947e-07
-1
0.677966
1
0.997038
-1.41947e-07
-1.41947e-07
-1
0.694915
1
0.997038
-1.41947e-07
-1.41947e-07
-1
0.711864
1
0.997038
-1.41947e-07
-1.41947e-07
-1
0.728814
1
0.997038
-1.41947e-07
-1.41947e-07
-1
0.745763
1
0.997038
-1.41947e-07
-1.41947e-07
-1
0.762712
1
0.997038
-1.41947e-07
-1.41947e-07
-1
0.779661
1
0.997038
-1.41947e-07
-1.41947e-07
-1
0.79661
1
0.997038
-1.41947e-07
-1.41947e-07
-1
0.813559
1
0.997038
-1.41947e-07
-1.41947e-07
-1
0.830508
1
0.997038
-1.41947e-07
-1.41947e-07
-1
0.847458
1
0.997038
-1.41947e-07
-1.41947e-07
-1
0.864407
1
0.997038
-1.41947e-07
-1.41947e-07
-1
0.881356
1
0.997038
-1.41947e-07
-1.41947e-07
-1
0.898305
1
0.997038
-1.41947e-07
-1.41947e-07
-1
0.915254
1
0.997038
-0.0105567
-1.41939e-07
-0.999944
0.932203
1
0.997006
-0.127353
-1.39934e-07
-0.991857
0.949153
1
0.9966
-0.492868
0
-0.870104
0.981573
1
0.983051
-0.68757
-5.37298e-08
-0.726118
0.966102
1
0.994008
-0.692542
0
-0.721378
0.999526
0.983051
0.983051
-0.0907298
-0.70419
-0.70419
0.983051
0.999526
0.983051
-0.70419
-0.0907298
-0.70419
0.983051
0.983051
0.999526
-0.70419
-0.70419
-0.0907298
1
0.932203
0.997006
0
-0.127353
-0.991857
1
0.949153
0.9966
0
-0.492868
-0.870104
1
0.981573
0.983051
-5.37298e-08
-0.68757
-0.726118
1
0.966102
0.994008
0
-0.692542
-0.721378
1
1
0.983051
0
0
1
0.525424
0.997038
1
-1.41947e-07
-1
-1.41947e-07
0.542373
0.997038
1
-1.41947e-07
-1
-1.41947e-07
0.559322
0.997038
1
-1.41947e-07
-1
-1.41947e-07
0.576271
0.997038
1
-1.41947e-07
-1
-1.41947e-07
0.59322
0.997038
1
-1.41947e-07
-1
-1.41947e-07
0.610169
0.997038
1
-1.41947e-07
-1
-1.41947e-07
0.627119
0.997038
1
-1.41947e-07
-1
-1.41947e-07
0.644068
0.997038
1
-1.41947e-07
-1
-1.41947e-07
0.661017
0.997038
1
-1.41947e-07
-1
-1.41947e-07
0.677966
0.997038
1
-1.41947e-07
-1
-1.41947e-07
0.694915
0.997038
1
-1.41947e-07
-1
-1.41947e-07
0.711864
0.997038
1
-1.41947e-07
-1
-1.41947e-07
0.728814
0.997038
1
-1.41947e-07
-1
-1.41947e-07
0.745763
0.997038
1
-1.41947e-07
-1
-1.41947e-07
0.762712
0.997038
1
-1.41947e-07
-1
-1.41947e-07
0.779661
0.997038
1
-1.41947e-07
-1
-1.41947e-07
0.79661
0.997038
1
-1.41947e-07
-1
-1.41947e-07
0.813559
0.997038
1
-1.41947e-07
-1
-1.41947e-07
0.830508
0.997038
1
-1.41947e-07
-1
-1.41947e-07
0.847458
0.997038
1
-1.41947e-07
-1
-1.41947e-07
0.864407
0.997038
1
-1.41947e-07
-1
-1.41947e-07
0.881356
0.997038
1
-1.41947e-07
-1
-1.41947e-07
0.898305
0.997038
1
-1.41947e-07
-1
-1.41947e-07
0.915254
0.997038
1
-0.0105567
-0.999944
-1.41939e-07
0.932203
0.997006
1
-0.127353
-0.991857
-1.39934e-07
0.949153
0.9966
1
-0.492868
-0.870104
0
0.981573
0.983051
1
-0.68757
-0.726118
-5.37298e-08
0.966102
0.994008
1
-0.692542
-0.721378
0
0.997006
0.932203
1
-0.991857
-0.127353
0
0.9966
0.949153
1
-0.870104
-0.492868
0
0.994008
0.966102
1
-0.721378
-0.692542
0
0.983051
0.981573
1
-0.726118
-0.68757
-5.37298e-08
0.983051
1
1
1
0
0
1
0.983051
1
0
1
0
