0.508475
0.491525
0.472732
0.284519
-0.284519
-0.915477
0.499253
0.491525
0.474576
-0.0278555
-0.316105
-0.948315
0.491525
0.499253
0.474576
-0.316105
-0.0278559
-0.948315
0.491525
0.491525
0.477152
-0.328467
-0.328468
-0.885561
0.508475
0.488452
0.474576
0.290411
-0.395745
-0.871233
0.508475
0.474576
0.488452
0.290411
-0.871233
-0.395745
0.517696
0.491525
0.474576
0.551029
-0.263888
-0.791663
0.477152
0.491525
0.491525
-0.885561
-0.328468
-0.328468
0.474576
0.499253
0.491525
-0.948315
-0.0278559
-0.316105
0.474576
0.491525
0.499253
-0.948315
-0.316105
-0.0278559
0.499253
0.474576
0.491525
-0.0278559
-0.948315
-0.316105
0.491525
0.477152
0.491525
-0.328468
-0.885561
-0.328468
0.491525
0.474576
0.499253
-0.316105
-0.948315
-0.0278559
0.508475
0.472732
0.491525
0.284519
-0.915477
-0.284519
0.517696
0.474576
0.491525
0.55103
-0.791663
-0.263888
0.525424
0.499253
0.474576
0.706954
-0.0207661
-0.706954
0.525424
0.491525
0.477152
0.721925
-0.240642
-0.64878
0.525424
0.477152
0.491525
0.721925
-0.64878
-0.240642
0.525424
0.474576
0.499253
0.706954
-0.706954
-0.0207661
0.539797
0.491525
0.491525
0.957523
-0.2039
-0.2039
0.542373
0.499253
0.491525
0.980434
-0.0172793
-0.196087
0.542373
0.491525
0.499253
0.980434
-0.196087
-0.017279
0.491525
0.508475
0.472732
-0.284519
0.28452
-0.915477
0.508475
0.508475
0.469342
0.257452
0.257451
-0.931363
0.508475
0.525424
0.472732
0.221659
0.664976
-0.713214
0.488452
0.508475
0.474576
-0.395745
0.290411
-0.871233
0.474576
0.508475
0.488452
-0.871233
0.290411
-0.395745
0.491525
0.517696
0.474576
-0.263888
0.55103
-0.791663
0.499253
0.525424
0.474576
-0.0207661
0.706954
-0.706954
0.491525
0.525424
0.477152
-0.240642
0.721925
-0.64878
0.517696
0.525424
0.474576
0.441588
0.634429
-0.634429
0.508475
0.528498
0.474576
0.216636
0.728484
-0.649908
0.508475
0.542373
0.488452
0.189467
0.947334
-0.258188
0.472732
0.508475
0.491525
-0.915477
0.284519
-0.284519
0.474576
0.517696
0.491525
-0.791663
0.55103
-0.263888
0.477152
0.525424
0.491525
-0.64878
0.721925
-0.240642
0.474576
0.525424
0.499253
-0.706954
0.706954
-0.0207658
0.491525
0.539797
0.491525
-0.2039
0.957523
-0.2039
0.499253
0.542373
0.491525
-0.0172792
0.980434
-0.196087
0.491525
0.542373
0.499253
-0.196087
0.980434
-0.0172794
0.517696
0.542373
0.491525
0.378968
0.907439
-0.181488
0.508475
0.544217
0.491525
0.184983
0.965175
-0.184984
0.525424
0.508475
0.472732
0.664976
0.221659
-0.713214
0.528498
0.508475
0.474576
0.728484
0.216636
-0.649908
0.525424
0.517696
0.474576
0.634429
0.441588
-0.634429
0.525424
0.525424
0.477152
0.596802
0.596802
-0.536334
0.542373
0.508475
0.488452
0.947334
0.189467
-0.258187
0.539797
0.525424
0.491525
0.829466
0.529893
-0.176631
0.525424
0.539797
0.491525
0.529893
0.829467
-0.176631
0.525424
0.542373
0.499253
0.514437
0.857395
-0.0151107
0.544217
0.508475
0.491525
0.965175
0.184984
-0.184983
0.542373
0.517696
0.491525
0.907439
0.378968
-0.181488
0.542373
0.525424
0.499253
0.857395
0.514437
-0.0151109
0.472732
0.491525
0.508475
-0.915476
-0.284519
0.28452
0.488452
0.474576
0.508475
-0.395745
-0.871233
0.290411
0.474576
0.488452
0.508475
-0.871233
-0.395745
0.290411
0.474576
0.491525
0.517696
-0.791663
-0.263888
0.55103
0.491525
0.472732
0.508475
-0.284519
-0.915477
0.28452
0.491525
0.474576
0.517696
-0.263888
-0.791663
0.55103
0.508475
0.469342
0.508475
0.257452
-0.931363
0.257452
0.477152
0.491525
0.525424
-0.64878
-0.240642
0.721925
0.474576
0.499253
0.525424
-0.706954
-0.0207658
0.706955
0.499253
0.474576
0.525424
-0.0207658
-0.706954
0.706955
0.491525
0.477152
0.525424
-0.240642
-0.64878
0.721925
0.491525
0.491525
0.539797
-0.2039
-0.2039
0.957523
0.508475
0.472732
0.525424
0.221659
-0.713214
0.664976
0.517696
0.474576
0.525424
0.441588
-0.634429
0.634429
0.508475
0.474576
0.528498
0.216636
-0.649908
0.728484
0.499253
0.491525
0.542373
-0.0172792
-0.196087
0.980434
0.491525
0.499253
0.542373
-0.196087
-0.0172796
0.980434
0.508475
0.488452
0.542373
0.189467
-0.258188
0.947334
0.517696
0.491525
0.542373
0.378968
-0.181488
0.907439
0.508475
0.491525
0.544217
0.184983
-0.184984
0.965175
0.525424
0.472732
0.508475
0.664976
-0.713214
0.221659
0.528498
0.474576
0.508475
0.728484
-0.649908
0.216636
0.525424
0.474576
0.517696
0.634429
-0.634429
0.441588
0.542373
0.488452
0.508475
0.947334
-0.258188
0.189467
0.544217
0.491525
0.508475
0.965175
-0.184984
0.184983
0.542373
0.491525
0.517696
0.907439
-0.181488
0.378968
0.525424
0.477152
0.525424
0.596802
-0.536334
0.596802
0.539797
0.491525
0.525424
0.829466
-0.176631
0.529893
0.525424
0.491525
0.539797
0.529893
-0.176631
0.829466
0.542373
0.499253
0.525424
0.857395
-0.0151109
0.514437
0.525424
0.499253
0.542373
0.514437
-0.0151109
0.857395
0.469342
0.508475
0.508475
-0.931363
0.257452
0.257452
0.472732
0.525424
0.508475
-0.713214
0.664976
0.221659
0.474576
0.528498
0.508475
-0.649908
0.728484
0.216636
0.474576
0.525424
0.517696
-0.634429
0.634429
0.441588
0.488452
0.542373
0.508475
-0.258188
0.947334
0.189467
0.491525
0.544217
0.508475
-0.184984
0.965175
0.184984
0.491525
0.542373
0.517696
-0.181488
0.907439
0.378968
0.508475
0.547607
0.508475
0.172625
0.969743
0.172625
0.472732
0.508475
0.525424
-0.713214
0.221659
0.664976
0.474576
0.517696
0.525424
-0.634429
0.441588
0.634429
0.474576
0.508475
0.528498
-0.649908
0.216636
0.728484
0.477152
0.525424
0.525424
-0.536334
0.596802
0.596802
0.491525
0.539797
0.525424
-0.176631
0.829466
0.529893
0.491525
0.525424
0.539797
-0.176631
0.529893
0.829466
0.499253
0.542373
0.525424
-0.0151109
0.857395
0.514437
0.517696
0.542373
0.525424
0.337144
0.807289
0.484374
0.508475
0.544217
0.525424
0.163904
0.855192
0.491714
0.508475
0.542373
0.528498
0.163719
0.818597
0.550541
0.488452
0.508475
0.542373
-0.258188
0.189467
0.947334
0.491525
0.517696
0.542373
-0.181488
0.378969
0.907439
0.491525
0.508475
0.544217
-0.184983
0.184984
0.965175
0.499253
0.525424
0.542373
-0.0151111
0.514437
0.857395
0.508475
0.508475
0.547607
0.172625
0.172625
0.969743
0.517696
0.525424
0.542373
0.337144
0.484374
0.807289
0.508475
0.528498
0.542373
0.163719
0.550541
0.818597
0.508475
0.525424
0.544217
0.163905
0.491713
0.855192
0.528498
0.542373
0.508475
0.55054
0.818597
0.163719
0.525424
0.544217
0.508475
0.491713
0.855192
0.163904
0.525424
0.542373
0.517696
0.484374
0.80729
0.337143
0.547607
0.508475
0.508475
0.969743
0.172625
0.172625
0.544217
0.525424
0.508475
0.855192
0.491713
0.163904
0.542373
0.528498
0.508475
0.818597
0.55054
0.163719
0.542373
0.525424
0.517696
0.807289
0.484374
0.337144
0.539797
0.525424
0.525424
0.74202
0.474029
0.474029
0.525424
0.539797
0.525424
0.474029
0.74202
0.474029
0.525424
0.525424
0.539797
0.474029
0.474029
0.74202
0.544217
0.508475
0.525424
0.855192
0.163904
0.491713
0.542373
0.517696
0.525424
0.807289
0.337144
0.484374
0.542373
0.508475
0.528498
0.818597
0.163719
0.550541
0.528498
0.508475
0.542373
0.55054
0.163719
0.818597
0.525424
0.517696
0.542373
0.484374
0.337144
0.807289
0.525424
0.508475
0.544217
0.491713
0.163904
0.855192
